41.568	166.4	-344
41.6	176.8	-337.1
41.648	158.6	-343.4
41.68	136.3	-350.5
41.712	105.1	-349.4
41.744	73.98	-355.7
41.776	41.24	-360
41.808	8.744	-362.9
41.84	-24.39	-364.1
41.872	-57.28	-363.3
41.904	-87.64	-362.9
41.936	-113.8	-358.9
41.968	-134.7	-357
42	-172	-344.2
42.048	-185.5	-343.4
42.08	-194.5	-341.5
42.112	-195	-341.4
42.144	-193.1	-341.7
42.176	-192.3	-342.2
42.208	-181.6	-349.6
42.24	-152.1	-353.8
42.272	-135.6	-361
42.304	-104.7	-361.7
42.336	-75.47	-362.9
42.368	-43.78	-364.4
42.4	-11.42	-363.9
42.432	20.84	-361.9
42.48	52.48	-358.7
42.512	81.7	-354.6
42.544	105.4	-348.1
42.576	159.4	-346
42.608	180.1	-340.6
42.64	163.1	-346.7
42.672	186.3	-335.2
42.704	189.2	-332.4
42.736	189.3	-335
42.768	183.3	-335
42.8	173.3	-337.8
42.832	155.3	-337.2
42.88	138.2	-358.3
42.912	104.3	-360.1
42.944	77.06	-369
42.976	43.37	-364.5
43.008	14.03	-375.1
43.04	-20.97	-369.9
43.072	-52.56	-366.8
43.104	-83.84	-375
43.136	-113.1	-367
43.168	-143.2	-360.4
43.2	-167.7	-356.1
43.232	-185.6	-352.3
43.264	-178.6	-355.9
43.312	-184.4	-356.5
43.344	-185.4	-355.9
43.376	-181.6	-358.1
43.408	-171.5	-358.1
43.44	-152	-365
43.472	-130.9	-361.9
43.504	-111.3	-361.3
43.536	-88.74	-365.4
43.568	-62.2	-367.3
43.6	-30.85	-376.2
43.632	1.411	-369
43.664	33.53	-371.9
43.712	63.75	-369.9
43.744	90.9	-364
43.776	112.4	-352.9
43.808	133.3	-353
43.84	149.1	-348.4
43.872	163	-346.7
43.904	171.1	-343.1
43.936	172.1	-341.5
43.968	168.1	-341.4
44	159.9	-345.5
44.032	146.1	-349.5
44.064	128.3	-352.5
44.112	105.5	-346.7
44.144	93.1	-353.3
44.176	63.55	-357.7
44.208	32.8	-360.5
44.24	3.796	-370.2
44.272	-29.56	-364
44.304	-61.04	-368.3
44.336	-90.42	-366.1
44.368	-118.7	-362.4
44.4	-148.3	-357.9
44.432	-171.5	-360.5
44.464	-188.5	-356.3
44.496	-177	-357.3
44.544	-178.5	-355.8
44.576	-178.3	-356.5
44.608	-171.8	-357.9
44.64	-161.8	-362.6
44.672	-136.6	-367.1
44.704	-120.5	-362.3
44.736	-100.8	-364.9
44.768	-78.41	-373.7
44.8	-47.74	-371.5
44.832	-16.35	-368.5
44.864	14.68	-374.3
44.896	44.66	-369.8
44.944	73.21	-361.4
44.976	99.57	-363.9
45.008	118.9	-355.8
45.04	136.5	-352
45.072	151.1	-348.2
45.104	160	-344.3
45.136	167	-342.3
45.168	167.1	-342.3
45.2	159	-341.4
45.232	151.1	-347.9
45.264	161.6	-342
45.296	145.5	-351
45.328	122.2	-354.3
45.376	95.26	-360.5
45.408	65.06	-361.7
45.44	33.82	-365.4
45.472	3.552	-368
45.504	-28.21	-368.2
45.536	-57.55	-365.4
45.568	-85.88	-364.6
45.6	-110.7	-363.1
45.632	-134.6	-361
45.664	-152.1	-354.5
45.696	-166.2	-359
45.728	-172.8	-357.7
45.776	-173.7	-358
45.808	-172.2	-357.7
45.84	-162.1	-359
45.872	-161.8	-360.8
45.904	-127.1	-365
45.936	-111.4	-363.5
45.968	-87.06	-363.6
46	-60.09	-365
46.032	-32.64	-373.3
46.064	-2.525	-377.8
46.096	27.28	-372.2
46.128	57.68	-372.1
46.16	83.23	-357.2
46.208	106	-359.2
46.24	122.6	-352.7
46.272	139.4	-351.8
46.304	152	-349.3
46.336	156.9	-340.4
46.368	160.9	-340.6
46.4	159	-341.4
46.432	153.1	-346.4
46.464	140.1	-348.4
46.496	123.4	-351.2
46.528	126.3	-350.6
46.56	104.1	-362.6
46.608	77.15	-369
46.64	47.38	-363.6
46.672	16.99	-368.5
46.704	-13.74	-370.9
46.736	-44.61	-367.8
46.768	-74.48	-369.3
46.8	-102.5	-368.5
46.832	-130.9	-355.4
46.864	-157.2	-362.7
46.896	-176.2	-357.9
46.928	-165.6	-356
46.96	-169.9	-351.1
46.992	-169.6	-351.2
47.04	-165.7	-356.8
47.072	-155.8	-363.1
47.104	-153.7	-356
47.136	-120.7	-366
47.168	-102.6	-364.7
47.2	-77.42	-367.1
47.232	-51.16	-370.2
47.264	-21.54	-372
47.296	8.884	-367.7
47.328	38.34	-368
47.36	67.49	-365.8
47.392	92.1	-358.8
47.44	111.4	-357.6
47.472	127	-353.7
47.504	141.3	-351.1
47.536	152.3	-348.8
47.568	158.4	-345.9
47.6	159	-346.4
47.632	154.1	-346.2
47.664	144	-348.4
47.696	130.3	-351.1
47.728	114.3	-354.9
47.76	94.85	-351.2
47.792	80.4	-358.8
47.84	52.01	-363.3
47.872	22.92	-363.1
47.904	-4.774	-365
47.936	-35.78	-365.4
47.968	-63.54	-364.8
48	-92	-373.5
48.032	-119.9	-368
48.064	-144.8	-363.6
48.096	-162.8	-360.8
48.128	-156.2	-362
48.16	-162.6	-360.4
48.192	-164.6	-360.8
48.224	-164.5	-362.1
48.272	-155.3	-363.5
48.304	-145.4	-365.9
48.336	-122.6	-369.1
48.368	-108.8	-370.7
48.4	-87.57	-369.8
48.432	-62.78	-371.9
48.464	-34.86	-370.2
48.496	-5.664	-371.4
48.528	23.56	-372.1
48.56	52.88	-363.7
48.592	79.18	-360.9
48.624	99.01	-357.1
48.672	115.5	-355.4
48.704	129.5	-354.2
48.736	142.3	-351.7
48.768	151.2	-348.8
48.8	152.2	-344
48.832	152.9	-347.5
48.864	146.2	-348.7
48.896	134.9	-351.5
48.928	145.7	-348.8
48.96	127.4	-350.5
48.992	107.3	-353
49.024	81.19	-357.8
49.056	53.96	-364.2
49.104	25.06	-364.1
49.136	-4.051	-366.6
49.168	-34.46	-366.2
49.2	-59.71	-368.5
49.232	-85.2	-364.2
49.264	-109.3	-363.9
49.296	-129.1	-365.1
49.328	-143.7	-357.1
49.36	-153.9	-362.9
49.392	-158.9	-361
49.424	-159.2	-360.7
49.456	-155.1	-360.8
49.504	-146.3	-364.5
49.536	-145.7	-358.7
49.568	-110.5	-365
49.6	-93.57	-362.9
49.632	-66.85	-374.4
49.664	-41.6	-374.5
49.696	-17.8	-375.6
49.728	9.907	-371.4
49.76	38.78	-367.9
49.792	65.73	-364.3
49.824	85.35	-362.6
49.856	102.8	-356.8
49.888	119.4	-354.7
49.936	132	-351.3
49.968	141.9	-348.7
50	149.9	-348.5
50.032	151.8	-349.5
50.064	148.1	-350
50.096	138.9	-352.6
50.128	125.9	-353.6
50.16	110.2	-357.3
50.192	90.42	-351.2
50.224	82.79	-363.5
50.256	55.27	-359.9
50.288	35.57	-371.2
50.336	5.345	-371
50.368	-23	-373.2
50.4	-50.35	-372.4
50.432	-73.88	-372.1
50.464	-99.77	-365.1
50.496	-118.6	-365
50.528	-134.3	-366
50.56	-145.7	-362.2
50.592	-153.2	-360.9
50.624	-155.9	-363.2
50.656	-155.9	-363.9
50.688	-148.1	-364.9
50.72	-147.2	-364.8
50.768	-122.8	-366.8
50.8	-99.92	-366.9
50.832	-81.2	-366.5
50.864	-60.07	-366.6
50.896	-35.48	-368.8
50.928	-10.02	-367
50.96	18.25	-365.6
50.992	42.82	-361.5
51.024	68.29	-359.2
51.056	90.73	-363.6
51.088	106.2	-357.3
51.12	121.2	-355.5
51.168	133.9	-354.7
51.2	142.9	-351.6
51.232	143.9	-346.6
51.264	143.9	-347.6
51.296	139	-350.4
51.328	128	-351.5
51.36	114.1	-353.3
51.392	96.04	-348.9
51.424	84.93	-350.4
51.456	65.77	-355.2
51.488	42.88	-360.3
51.52	17.78	-363.6
51.568	-8.984	-364.4
51.6	-35.71	-364.4
51.632	-61.85	-364.2
51.664	-87.92	-362.2
51.696	-114.3	-357.7
51.728	-122.4	-366.7
51.76	-153	-363.2
51.792	-145.9	-361.7
51.824	-149.9	-357.1
51.856	-150.4	-357.1
51.888	-148.2	-357.1
51.92	-149.8	-366.2
51.952	-129	-368.2
52	-105.5	-373.4
52.032	-90.51	-372.2
52.064	-71.9	-370.8
52.096	-50.16	-370.2
52.128	-22.03	-367.7
52.16	4.189	-368.4
52.192	31.79	-363.7
52.224	55.39	-359.4
52.256	78.2	-361.3
52.288	95.19	-360.5
52.32	111.2	-356.4
52.352	122.6	-352.1
52.4	131.7	-349.6
52.432	138.9	-349.6
52.464	140.8	-349.8
52.496	136.8	-348.7
52.528	129.7	-350.9
52.56	117.9	-352.6
52.592	103.3	-354.1
52.624	104.6	-353.2
52.656	84.83	-358.8
52.688	63.28	-366.2
52.72	37.27	-362.7
52.752	12.2	-366.3
52.784	-13.21	-368.6
52.832	-39.78	-366.8
52.864	-64.03	-365.7
52.896	-86.81	-363.4
52.928	-106.9	-363.4
52.96	-123.8	-360.7
52.992	-134.9	-357.9
53.024	-142.9	-360.1
53.056	-145.5	-359.5
53.088	-145.6	-359.6
53.12	-138.9	-360.6
53.152	-129.7	-366.1
53.184	-117.7	-372.3
53.232	-95.52	-371.7
53.264	-78.06	-367.2
53.296	-55.73	-365.8
53.328	-34.03	-374.9
53.36	-8.916	-368.3
53.392	16.29	-368.4
53.424	38.18	-364.5
53.456	63.46	-368.4
53.488	85.12	-365.3
53.52	100.2	-358.3
53.552	114.3	-355.5
53.584	123.9	-352.8
53.616	134.8	-354.6
53.664	138.7	-353.8
53.696	138.7	-354.4
53.728	131	-351.4
53.76	120.9	-352.7
53.792	108.2	-354.5
53.824	91.97	-353.8
53.856	75.26	-355.9
53.888	62.74	-358.5
53.92	41.28	-362.4
53.952	17.14	-364.5
53.984	-7.68	-366.6
54.016	-33.68	-366.3
54.064	-58.9	-366.1
54.096	-78.77	-370.4
54.128	-98.83	-369.6
54.16	-126.5	-366.6
54.192	-128.5	-367.5
54.224	-138	-366.5
54.256	-142.5	-364.7
54.288	-143.2	-363.8
54.32	-141.2	-363
54.352	-131.6	-366.7
54.384	-131.5	-366.4
54.416	-106.7	-371.7
54.464	-84.85	-372
54.496	-68.55	-368.7
54.528	-47.58	-368.8
54.56	-22.51	-368.7
54.592	2.922	-368.2
54.624	27.35	-364.2
54.656	51.97	-364.6
54.688	72.36	-359.7
54.72	87.67	-355.4
54.752	104.2	-357.7
54.784	117.4	-357
54.816	126.7	-354.8
54.848	130.2	-354.5
54.896	133.8	-353.7
54.928	131.8	-355.2
54.96	123.8	-355.7
54.992	111.9	-355.6
55.024	98.59	-360.2
55.056	102.6	-359.1
55.088	82.12	-359.9
55.12	63.49	-365.7
55.152	38.3	-365.7
55.184	13.82	-368.3
55.216	-11.81	-370.3
55.248	-35.31	-372.7
55.296	-58.7	-371.9
55.328	-80.36	-372.6
55.36	-99.85	-369.5
55.392	-113.8	-367.8
55.424	-126.8	-365.5
55.456	-133.2	-361.5
55.488	-134.7	-361.6
55.52	-134	-360.6
55.552	-128.9	-367.6
55.584	-119.6	-369.9
55.616	-118.9	-369.2
55.648	-85.78	-376.5
55.68	-85.84	-370.6
55.728	-49.03	-376.2
55.76	-29.33	-377.4
55.792	-3.032	-377.2
55.824	19.15	-370.6
55.856	43.26	-372.9
55.888	64.82	-364.4
55.92	84	-365.7
55.952	96	-355.9
55.984	108.3	-356.6
56.016	119.8	-358.2
56.048	127.9	-355.8
56.08	131.6	-356.1
56.128	130.6	-355.6
56.16	124.7	-355.4
56.192	115.8	-357.3
56.224	103.7	-360.4
56.256	87.23	-354.8
56.288	71.12	-355.3
56.32	62.8	-358.6
56.352	39.95	-360.9
56.384	17.88	-363.4
56.416	-6.221	-365.6
56.448	-30.95	-365.2
56.48	-53.23	-365.1
56.512	-75.29	-363.6
56.56	-95.13	-361.6
56.592	-120.8	-357.6
56.624	-119.4	-361.2
56.656	-128.3	-364.5
56.688	-132.9	-365.9
56.72	-133.4	-366
56.752	-130	-362.7
56.784	-121.7	-366.6
56.816	-112.3	-369.5
56.848	-100.2	-375.1
56.88	-74.36	-371
56.912	-55.86	-369.1
56.96	-37.88	-368.4
56.992	-16.14	-368.6
57.024	7.215	-368.6
57.056	30.89	-364.1
57.088	49.07	-362.7
57.12	70.42	-368
57.152	84.02	-360.3
57.184	98.9	-358.1
57.216	111.6	-359.4
57.248	120.7	-357.4
57.28	124.9	-354.3
57.312	126.6	-354.7
57.344	124.6	-357.1
57.392	116.7	-357
57.424	106.8	-359.8
57.456	92.94	-363.7
57.488	77.8	-365.1
57.52	57.81	-357.5
57.552	45.23	-360.4
57.584	23.87	-362.6
57.616	2.536	-365.5
57.648	-20.56	-365.4
57.68	-42.15	-366.5
57.712	-66.3	-365.3
57.744	-83.99	-363.4
57.792	-102	-361.8
57.824	-113	-362.1
57.856	-124.2	-368.4
57.888	-127.9	-360.6
57.92	-130.3	-360.5
57.952	-129.6	-360.4
57.984	-122.9	-360.4
58.016	-115	-369
58.048	-114.3	-362.7
58.08	-101.9	-372.1
58.112	-80.71	-374.9
58.144	-58.61	-374.9
58.192	-36.72	-374.3
58.224	-12.56	-377
58.256	9.896	-366.9
58.288	31.51	-365.5
58.32	53.11	-368.6
58.352	72.13	-366.2
58.384	88.72	-365.2
58.416	100.8	-360.4
58.448	108.9	-357.3
58.48	117.7	-359.2
58.512	122	-357.4
58.544	121.2	-357.1
58.576	116.8	-358.1
58.624	108.6	-361.8
58.656	93.93	-356.3
58.688	82.41	-367.1
58.72	82.08	-359.6
58.752	64.21	-361.5
58.784	45.02	-370.1
58.816	22.03	-367.6
58.848	-2.875	-367.6
58.88	-23.37	-370.6
58.912	-45.98	-371.8
58.944	-66.91	-368
58.976	-83.16	-371
59.024	-99.47	-368.2
59.056	-110.7	-363.2
59.088	-118.1	-363.6
59.12	-122.9	-363.1
59.152	-123.1	-362.9
59.184	-120.4	-362.9
59.216	-112.3	-366
59.248	-102.3	-370.8
59.28	-102.1	-371.1
59.312	-66.99	-374.7
59.344	-50.8	-369.2
59.376	-48.33	-374.3
59.408	-24.94	-370
59.456	9.805	-374.4
59.488	32.05	-373.9
59.52	54.17	-367.5
59.552	69.63	-368
59.584	81.24	-359
59.616	93.58	-355.6
59.648	105.6	-356.7
59.68	115.5	-359.4
59.712	119.6	-357.6
59.744	120.5	-358
59.776	117.6	-358.1
59.808	110.6	-360.1
59.856	100.7	-362.1
59.888	87.62	-365.7
59.92	71.03	-357.5
59.952	53.81	-357.5
59.984	42	-359.8
60.016	23.39	-363.4
60.048	0.163	-364.6
60.08	-20.46	-365.8
60.112	-41.67	-365.5
60.144	-61.14	-366.3
60.176	-79.65	-364.7
60.208	-107.2	-368.5
60.24	-120	-368.6
60.288	-117.4	-368.9
60.32	-122	-358.7
60.352	-122.6	-358.1
60.384	-122.1	-358.5
60.416	-116.2	-361.8
60.448	-116.1	-361.7
60.48	-106	-369.7
60.512	-82.28	-375.3
60.544	-73.26	-376.3
60.576	-53.96	-375.9
60.608	-31.26	-372.1
60.64	-9.635	-372.2
60.688	13.16	-369.6
60.72	33.15	-367.5
60.752	51.8	-365.2
60.784	69.36	-364.7
60.816	85.65	-364.4
60.848	97.48	-362.1
60.88	106.7	-359.6
60.912	110.5	-357.8
60.944	113.6	-358.3
60.976	113.6	-358.2
61.008	109.4	-358.8
61.04	100.5	-357.3
61.072	86.78	-354.7
61.12	74.82	-358.8
61.152	59.49	-359
61.184	45.46	-359.5
61.216	29.46	-361.7
61.248	9.598	-363.6
61.28	-9.582	-365.4
61.312	-33.58	-363.8
61.344	-50.41	-365.3
61.376	-72.19	-363.8
61.408	-96.48	-359.9
61.44	-113	-359.5
61.472	-108.7	-368.1
61.52	-115.8	-365.1
61.552	-119.1	-362.4
61.584	-119.3	-362.4
61.616	-116.6	-359.7
61.648	-108.9	-366.4
61.68	-99.92	-373.3
61.712	-88.93	-374.1
61.744	-65.5	-375.2
61.776	-63.22	-373.8
61.808	-37.84	-369.7
61.84	-17.59	-369
61.872	3.158	-369.5
61.92	22.71	-366.2
61.952	46.74	-362.4
61.984	59.86	-362.5
62.016	77.05	-366.4
62.048	87.72	-356.9
62.08	96.18	-353.2
62.112	106.9	-359
62.144	110.7	-357.8
62.176	110.7	-357.7
62.208	108.1	-357.1
62.24	100.9	-357.6
62.272	91.14	-363.9
62.304	78.52	-360.5
62.352	64.16	-357.5
62.384	65.2	-361.4
62.416	47.4	-362.8
62.448	27.84	-364.2
62.48	6.516	-366.6
62.512	-14.01	-367.2
62.544	-34.4	-367.2
62.576	-54.03	-366.5
62.608	-71.56	-365.5
62.64	-86.4	-363.7
62.672	-98.52	-363.7
62.704	-106.7	-367.3
62.752	-112.9	-363.3
62.784	-114.2	-363.2
62.816	-114.3	-363.4
62.848	-107.7	-365.6
62.88	-99.31	-370.8
62.912	-88.29	-376
62.944	-87.65	-374.3
62.976	-51.72	-373
63.008	-30.25	-369.5
63.04	-28.45	-373.8
63.072	-8.73	-369.6
63.136	40.11	-374.4
63.184	59.05	-368.6
63.216	73.08	-359.5
63.248	85.04	-357.8
63.28	96.89	-359.6
63.312	103.8	-359.1
63.344	108.2	-357.9
63.376	111	-360.1
63.408	108	-356.6
63.44	103	-356
63.472	94.14	-356.4
63.504	83.12	-356.6
63.536	70.91	-358.7
63.584	54.76	-358.6
63.616	38.96	-360.4
63.648	21.34	-362
63.68	3.647	-364.4
63.712	-12.86	-370.8
63.744	-32.28	-371.3
63.776	-53.67	-368.9
63.808	-70.11	-371.4
63.84	-82.61	-371.2
63.872	-95.21	-372
63.904	-104.7	-372.8
63.936	-110.8	-369.5
63.968	-111.9	-369.2
64.016	-112.2	-364.5
64.048	-108.4	-361.5
64.08	-101.1	-368.9
64.112	-91.06	-372.4
64.144	-80.62	-374
64.176	-63.58	-376.5
64.208	-42.75	-370.6
64.24	-28.63	-368.6
64.272	-10.4	-368.7
64.304	9.483	-366.8
64.336	27.1	-366.6
64.368	44	-363
64.416	60.91	-370.3
64.448	72.96	-360.4
64.48	84.18	-359.1
64.512	92.81	-356.4
64.544	100.3	-356.9
64.576	103.7	-357.1
64.608	103.9	-357.5
64.64	101	-357.6
64.672	94.95	-361.1
64.704	83.82	-358.6
64.736	72.1	-358.7
64.768	59.01	-362.6
64.8	43.5	-359.6
64.848	28.01	-361.7
64.88	10.04	-361.6
64.912	-9.216	-362.8
64.944	-27.51	-363.1
64.976	-46.3	-364.5
65.008	-62.6	-364.2
65.04	-76.86	-365.7
65.072	-89.3	-364.2
65.104	-99.25	-370.2
65.136	-105.7	-368.2
65.168	-109.8	-366.5
65.2	-110.2	-364.9
65.248	-109.7	-365.4
65.28	-103.2	-365.5
65.312	-95.17	-372
65.344	-94.2	-374.1
65.376	-68.69	-376.2
65.408	-53.99	-374.6
65.44	-31.94	-372.1
65.472	-16.16	-372.1
65.504	0.747	-368.9
65.536	19.38	-367.7
65.568	36.32	-365.3
65.6	51.1	-364
65.648	67.2	-365.6
65.68	76.93	-360.1
65.712	87.23	-360.2
65.744	94.73	-359.6
65.776	100.8	-360.8
65.808	101.9	-359.3
65.84	100.6	-359.9
65.872	95.75	-362.7
65.904	85.9	-360.6
65.936	74.76	-357.8
65.968	63.23	-359.3
66	49.57	-359.6
66.032	32.8	-359.7
66.08	21.91	-361.3
66.112	4.338	-364
66.144	-13.85	-365.2
66.176	-32.19	-365.8
66.208	-48.05	-365.3
66.24	-64.4	-365.1
66.272	-78.5	-365.8
66.304	-90.52	-365.8
66.336	-99.08	-364.7
66.368	-103.7	-365.5
66.4	-106.9	-362.3
66.432	-107.1	-361.3
66.48	-104.1	-361.4
66.512	-98.52	-366.5
66.544	-93.45	-366.8
66.576	-73.41	-376.7
66.608	-58.94	-376.3
66.64	-42.18	-373.9
66.672	-24.11	-375.1
66.704	-6.914	-374.4
66.736	11.85	-366.5
66.768	29.3	-366.7
66.8	42.18	-364.5
66.832	58.56	-367
66.864	71.64	-366.6
66.912	79.85	-358.8
66.944	88.14	-355.1
66.976	95.77	-360.1
67.008	97.97	-362.1
67.04	98.16	-362.6
67.072	94.77	-362.6
67.104	88.63	-365.6
67.136	77.8	-363.9
67.168	65.8	-359.8
67.2	53.8	-359.4
67.232	37.57	-360.1
67.264	23.03	-361.6
67.312	6.507	-363.7
67.344	-12	-365.1
67.376	-27.16	-365.6
67.408	-46.72	-364.4
67.44	-60.7	-364.4
67.472	-76.71	-368.7
67.504	-88.9	-371.2
67.536	-96.82	-370.6
67.568	-103.8	-370.7
67.6	-104.8	-361.8
67.632	-104.9	-361.4
67.664	-104.3	-361.4
67.696	-107.1	-372.3
67.744	-96.21	-372.7
67.776	-87.56	-374.1
67.808	-64.55	-373
67.84	-49.39	-370.7
67.872	-30.58	-373.6
67.904	-13.13	-371.6
67.936	4.123	-371.4
67.968	20.33	-367.5
68	36.52	-370.2
68.032	50.81	-368.1
68.064	65.06	-364.8
68.096	76.96	-366
68.144	85.77	-363.5
68.176	91.96	-363.2
68.208	94.93	-361.4
68.24	95.84	-360.8
68.272	94.83	-360.6
68.304	89.35	-362
68.336	79.94	-358.6
68.368	70.9	-363
68.4	57.33	-360
68.432	42.8	-362
68.464	28.62	-363.6
68.496	12.2	-365.5
68.528	-5.171	-365.6
68.576	-21.16	-365.8
68.608	-37.78	-367.3
68.64	-55.15	-367.5
68.672	-69.84	-372.5
68.704	-82.03	-369.1
68.736	-89.79	-370.8
68.768	-95.81	-370.3
68.8	-100	-365.7
68.832	-101.6	-363.5
68.864	-101.2	-363.5
68.896	-101.6	-364.8
68.928	-99.61	-366.9
68.976	-89.47	-369.7
69.008	-65.51	-375.9
69.04	-64.84	-375.5
69.072	-36.38	-374.3
69.104	-20.01	-374.1
69.136	-2.993	-378
69.168	14.48	-371.8
69.2	28.19	-375.2
69.232	42.84	-363.8
69.264	58.36	-367
69.296	69.94	-365.3
69.328	79.12	-365.5
69.376	87.09	-365
69.408	92.04	-363.5
69.44	94.79	-365.4
69.472	93.76	-364.8
69.504	87.89	-361.4
69.536	81.24	-364
69.568	71.99	-366.8
69.6	59.81	-363.3
69.632	47.76	-363.6
69.664	32.52	-362.6
69.696	18.03	-364.1
69.728	0.877	-364.1
69.76	-16.29	-364.8
69.808	-30.69	-363.8
69.84	-45.89	-363.9
69.872	-62.63	-364.6
69.904	-74.49	-366.4
69.936	-88.36	-370.2
69.968	-91.21	-368.6
70	-95.37	-365.3
70.032	-97.27	-363.2
70.064	-97.14	-363.2
70.096	-96.74	-363.5
70.128	-90.18	-367.8
70.16	-83.5	-369.3
70.208	-68.15	-375.3
70.24	-57.58	-376.4
70.272	-41.73	-376.4
70.304	-23.76	-369.4
70.336	-10.02	-366.7
70.368	7.927	-366.9
70.4	23.7	-363.4
70.432	35.39	-365.7
70.464	48.47	-363.8
70.496	61.23	-361.3
70.528	71.01	-359.6
70.56	79.07	-359.2
70.592	83.99	-359.6
70.64	87.71	-359.6
70.672	88.11	-360.4
70.704	84.8	-357.7
70.736	81	-361.1
70.768	72.39	-359.5
70.8	62.7	-362.8
70.832	51.14	-366.9
70.864	35.57	-366.3
70.896	23.09	-363.5
70.928	5.232	-363.2
70.96	-8.292	-364.4
70.992	-23.69	-367.8
71.04	-38.77	-369
71.072	-54.96	-369.2
71.104	-65.08	-371.4
71.136	-76.77	-371.4
71.168	-85.24	-370.9
71.2	-90.32	-366.9
71.232	-92.99	-364.7
71.264	-93.84	-364.1
71.296	-93.2	-364.2
71.328	-88.78	-363.6
71.36	-89.64	-373.6
71.392	-71.26	-368.8
71.424	-69.64	-369.9
71.472	-57.45	-376.5
71.504	-31.1	-371.6
71.536	-11.34	-370.5
71.568	-2.725	-373
71.6	12.9	-373
71.632	28.62	-370.4
71.664	41.35	-363.2
71.696	53.62	-367.1
71.728	66.03	-365
71.76	74.06	-362.7
71.792	81.19	-364
71.824	84.46	-364
71.872	85.75	-364.3
71.904	86.01	-364
71.936	80.79	-362.9
71.968	73.92	-365.5
72	63.51	-361.6
72.032	53.44	-366
72.064	40.76	-363
72.096	26.26	-363.7
72.128	11.89	-365.5
72.16	-2.657	-364.9
72.192	-18.31	-366
72.224	-33.08	-365.8
72.256	-49.73	-365
72.304	-64.12	-374
72.336	-73.96	-373.6
72.368	-81.83	-371.2
72.4	-87.87	-368.6
72.432	-92.29	-367
72.464	-93.74	-366.6
72.496	-93.68	-367
72.528	-91.91	-366.4
72.56	-87.22	-371.5
72.592	-75.86	-374.1
72.624	-73.17	-376
72.656	-50.28	-375.7
72.704	-34.69	-377.2
72.736	-21.3	-376.2
72.768	-4.984	-376.1
72.8	11.98	-375
72.832	27.51	-372.3
72.864	40.1	-372.5
72.896	52.36	-367.8
72.928	63.58	-365.6
72.96	70.98	-361.5
72.992	78.92	-363.8
73.024	83.94	-364.2
73.056	86.49	-363
73.104	86.03	-363.6
73.136	81.96	-362.9
73.168	76.2	-361.1
73.2	67.27	-359.9
73.232	58.85	-366.5
73.264	48.06	-371
73.296	34.35	-374.1
73.328	17.42	-369.8
73.36	2.736	-376.6
73.392	-12.23	-371.1
73.424	-27.38	-376
73.456	-41.73	-376.5
73.488	-54.81	-376.5
73.536	-65.8	-376.4
73.568	-74.85	-376.6
73.6	-83.34	-372.7
73.632	-87.43	-370.5
73.664	-89.74	-370.3
73.696	-89.82	-369.2
73.728	-89.67	-369.5
73.76	-85.05	-371.3
73.792	-76.32	-374.4
73.824	-66.89	-376.7
73.856	-55.96	-376.6
73.888	-41.88	-375.7
73.936	-26.45	-372.1
73.968	-12.63	-372.4
74	1.149	-370.6
74.032	17.32	-368.7
74.064	29.05	-365.9
74.096	44.08	-364.2
74.128	54.32	-362
74.16	63.13	-364
74.192	71.9	-364.1
74.224	77.02	-363.8
74.256	79.53	-361.7
74.288	80.37	-364.7
74.32	80.15	-364.4
74.368	75.1	-367.2
74.4	68.2	-367.4
74.432	58.83	-370.8
74.464	47.21	-365.6
74.496	34.92	-365.7
74.528	21.47	-366.9
74.56	7.025	-366.6
74.592	-6.822	-373
74.624	-22.45	-373.7
74.656	-36.13	-375
74.688	-49.44	-368.6
74.72	-63.02	-374.4
74.768	-69.86	-372.7
74.8	-78.73	-370
74.832	-85.95	-373.3
74.864	-86.76	-368.3
74.896	-87.54	-368.1
74.928	-87.93	-368.2
74.96	-87.53	-367.6
74.992	-85.8	-375.3
75.024	-78.09	-375.4
75.056	-66.96	-369.8
75.088	-44.73	-368.5
75.12	-31.84	-366.7
75.152	-16.33	-368.5
75.2	-3.56	-367.3
75.232	11.17	-365.9
75.264	25.19	-366.2
75.296	36.34	-364.5
75.328	47.87	-361.9
75.36	57.65	-362.3
75.392	65.87	-360.2
75.424	70.9	-358.7
75.456	75.96	-360.8
75.488	76.48	-360.3
75.52	76.1	-360.5
75.552	73.11	-359.1
75.6	67.86	-361.8
75.632	61.25	-365.3
75.664	51.99	-367.3
75.696	40.4	-371.3
75.728	27.39	-368.4
75.76	12.19	-370.4
75.792	-1.573	-370.3
75.824	-16.04	-369.8
75.856	-29.5	-370.9
75.888	-43.94	-375.2
75.92	-56.05	-373.9
75.952	-65.51	-371.6
76	-75.77	-373.6
76.032	-77.93	-367.8
76.064	-84.53	-365.3
76.096	-86.35	-364.4
76.128	-86.12	-364.8
76.16	-84.95	-367.4
76.192	-84.21	-366.8
76.224	-80.02	-373.9
76.256	-68.09	-367.7
76.288	-57.37	-375.6
76.32	-44.98	-377.5
76.352	-21.24	-367.6
76.384	-7.349	-368.7
76.432	7.147	-366.6
76.464	18.73	-365
76.496	32.08	-365.9
76.528	44.32	-363.6
76.56	52.87	-363.3
76.592	62.05	-361.1
76.624	69.67	-364.6
76.656	74.01	-365.4
76.688	76.17	-363.3
76.72	75.87	-363.3
76.752	73.95	-366.2
76.784	68.17	-363.1
76.832	60.84	-367.2
76.864	52.23	-367.7
76.896	43.36	-373.2
76.928	30.66	-372.8
76.96	17.19	-376.2
76.992	2.997	-373.6
77.024	-11.53	-378
77.056	-25.74	-378.2
77.088	-38.81	-376.9
77.12	-50.87	-374.4
77.152	-61.76	-369.5
77.184	-69.81	-372.6
77.216	-73.58	-363.9
77.264	-82.07	-366.8
77.296	-82.97	-365.2
77.328	-83.69	-366.6
77.36	-83.66	-366.5
77.392	-80.52	-368.1
77.424	-74.85	-366.3
77.456	-63.33	-372
77.488	-53.17	-375.9
77.52	-41.88	-376.3
77.552	-28.03	-376.7
77.584	-14.79	-374.7
77.616	-1.199	-371.9
77.664	12.79	-372.3
77.696	25.66	-370.2
77.728	38.48	-368.4
77.76	48.17	-367.6
77.792	56.26	-362.4
77.824	63.43	-363.3
77.856	68.68	-363.9
77.888	71.23	-364.3
77.92	72.16	-362.9
77.952	71.27	-362.9
77.984	68.5	-367.3
78.016	60.92	-364
78.048	52.71	-364.4
78.096	44.4	-368.1
78.128	32.64	-369.7
78.16	20.28	-370.4
78.192	6.684	-366.8
78.224	-6.158	-366.3
78.256	-19.21	-370.2
78.288	-32.07	-366.4
78.32	-44.15	-370.2
78.352	-54.05	-370.3
78.384	-65.17	-372.9
78.416	-71.85	-372.2
78.448	-78.42	-374
78.496	-81.81	-373.1
78.528	-82.36	-373
78.56	-82.04	-373.3
78.592	-79.79	-372.6
78.624	-71.31	-367.3
78.656	-70.58	-367.6
78.688	-55.08	-377.2
78.72	-44.48	-377.3
78.752	-33.16	-378.2
78.784	-19.15	-374.3
78.816	-6.813	-376.2
78.848	6.929	-375
78.88	20.82	-374.9
78.928	32.88	-374.4
78.96	39.1	-368.3
78.992	51.8	-371.6
79.024	59.96	-369.6
79.056	64.82	-363.6
79.088	68.8	-365.8
79.12	69.49	-364.1
79.152	69.28	-364.6
79.184	66.82	-365.4
79.216	62.19	-369.7
79.248	54.87	-372.1
79.28	45.86	-372.1
79.328	35.49	-365.8
79.36	24.28	-365.5
79.392	11.01	-375.1
79.424	-0.653	-375.7
79.456	-14.77	-377.1
79.488	-28.23	-377.3
79.52	-39.53	-375.8
79.552	-50.73	-375.3
79.584	-61.05	-375
79.616	-67.98	-375.1
79.648	-73.38	-375.3
79.68	-75.94	-371.2
79.728	-78.03	-368.8
79.76	-78.1	-368.1
79.792	-77.6	-368.5
79.824	-73.1	-367.5
79.856	-65.12	-369.6
79.888	-56.31	-371.6
79.92	-53.03	-373.4
79.952	-32.25	-372.4
79.984	-19.09	-371.2
80.016	-6.318	-368.7
80.048	7.844	-374.2
80.08	20.27	-368.4
80.112	32.24	-367.2
80.16	43.12	-367.6
80.192	52.97	-367
80.224	58.84	-360.6
80.256	65.05	-358.8
80.288	68.97	-357.9
80.32	69.44	-357.3
80.352	69.81	-358
80.384	68.96	-357.5
80.416	64.55	-358.1
80.448	58.34	-359.9
80.48	51.08	-368.6
80.512	42.45	-371.9
80.56	31.71	-374.1
80.592	19.81	-375.4
80.624	7.672	-375.1
80.656	-6.26	-376.9
80.688	-18.1	-377.7
80.72	-30.9	-377.2
80.752	-42.07	-376.5
80.784	-51.9	-376.2
80.816	-59.96	-374.4
80.848	-66.77	-373.3
80.88	-71.27	-373.4
80.912	-72.97	-373
80.944	-73.45	-373.2
80.992	-73.56	-373.3
81.024	-69.09	-370.9
81.056	-63.3	-372.7
81.088	-54.5	-373.9
81.12	-44.99	-374.8
81.152	-35.31	-375.9
81.184	-23.1	-378.3
81.216	-11.06	-376.9
81.248	1.93	-377.2
81.28	14.78	-376.5
81.312	25.75	-367.3
81.344	37.17	-365.7
81.392	46.37	-361.6
81.424	52.1	-364
81.456	59.01	-360.9
81.488	63.11	-364
81.52	65.11	-363.9
81.552	65.73	-362.5
81.584	65.23	-361
81.616	61.49	-360.7
81.648	56.21	-364
81.68	49.8	-364.5
81.712	42.29	-371.2
81.744	32.19	-370.2
81.776	20.94	-373.1
81.824	8.276	-376
81.856	-2.171	-376.2
81.888	-15.23	-371.5
81.92	-27.07	-374.1
81.952	-37.71	-377.8
81.984	-48.58	-377.2
82.016	-57.09	-375
82.048	-63.91	-372.7
82.08	-69.47	-374.4
82.112	-72.68	-374.6
82.144	-73.19	-374.1
82.176	-72.94	-373.8
82.224	-70.76	-374.8
82.256	-64.22	-375.7
82.288	-56.74	-372.6
82.32	-48.2	-373.8
82.352	-38.47	-377.9
82.384	-25.71	-373.5
82.416	-14.66	-376.1
82.448	-2.922	-374.4
82.48	8.496	-371.3
82.512	21.04	-373.3
82.544	31.77	-373.8
82.576	39.74	-373.9
82.608	47.45	-364.2
82.656	53.89	-364.4
82.688	58.91	-362.4
82.72	63.36	-370.1
82.752	62.38	-362.5
82.784	62.15	-362.2
82.816	59.65	-361.5
82.848	55.23	-364.4
82.88	48.1	-362.1
82.912	41.27	-363.2
82.944	32.02	-365.4
82.976	22.89	-363.6
83.008	11.33	-365.3
83.056	-0.335	-371.7
83.088	-11.11	-376.2
83.12	-22.86	-373.8
83.152	-33.74	-372.9
83.184	-43.17	-368.7
83.216	-52.86	-372.2
83.248	-59.06	-370.1
83.28	-64.74	-371.6
83.312	-68.72	-374
83.344	-69.7	-371.4
83.376	-69.86	-370.8
83.408	-69.2	-369.8
83.456	-65.22	-366.8
83.488	-59.07	-376.6
83.52	-50.71	-376.8
83.552	-39.85	-375.2
83.584	-30.24	-378.1
83.616	-18.24	-379.3
83.648	-5.957	-373.6
83.68	6.07	-377.1
83.712	16.9	-374.4
83.744	27.36	-367.4
83.776	35.46	-366.3
83.808	43.44	-366
83.84	49.67	-363.4
83.888	55.71	-366.9
83.92	60.78	-369.8
83.952	59.93	-360.2
83.984	60.32	-360.3
84.016	59.21	-362
84.048	55.17	-362.2
84.08	49.75	-362.5
84.112	44.23	-372.7
84.144	35.68	-373.7
84.176	26.18	-371.2
84.208	15.71	-373.6
84.24	5.171	-372.1
84.288	-6.283	-373.7
84.32	-17.36	-376.4
84.352	-27.65	-376.2
84.384	-37.7	-370.6
84.416	-46.89	-370.7
84.448	-54.99	-374.8
84.48	-60.32	-373.1
84.512	-64.02	-374.9
84.544	-64.91	-368.6
84.576	-65.55	-368.6
84.608	-65.57	-368.4
84.64	-63.43	-375.4
84.672	-56.93	-369.5
84.72	-49.88	-375.2
84.752	-41.52	-376.4
84.784	-32.81	-376.5
84.816	-23	-377.2
84.848	-10.29	-374.3
84.88	0.795	-378.1
84.912	12.13	-374.1
84.944	22.27	-374.8
84.976	30.88	-374.3
85.008	39.69	-371.5
85.04	47.03	-367.3
85.072	54.05	-369.3
85.12	55.11	-364.6
85.152	57.26	-359.8
85.184	57.41	-359.9
85.216	57.19	-360
85.248	54.11	-363.5
85.28	49.92	-362.8
85.312	43.23	-362.6
85.344	35.98	-363.7
85.376	27.15	-365.6
85.408	17.65	-365.5
85.44	8.169	-365.7
85.472	-2.849	-371.8
85.504	-13.58	-373.5
85.552	-24.24	-372.9
85.584	-34.97	-374.9
85.616	-42.87	-367.4
85.648	-50.87	-368.3
85.68	-57.31	-372.5
85.712	-61.08	-372.4
85.744	-63.11	-365.2
85.776	-63.37	-365.1
85.808	-63.07	-364.9
85.84	-62.99	-371.5
85.872	-56.8	-370.3
85.904	-50.75	-371.5
85.952	-41.66	-370.7
85.984	-34.31	-374.3
86.016	-23.93	-378.9
86.048	-12.81	-375.8
86.08	-2.575	-379
86.112	7.696	-371.7
86.144	18.35	-369.1
86.176	27.89	-368.7
86.208	36.12	-370.9
86.24	43.07	-365.6
86.272	48.24	-365.7
86.304	52.78	-367.9
86.336	56.35	-368.7
86.384	56.12	-365.7
86.416	56.09	-364.2
86.448	53.58	-364
86.48	50.08	-371.1
86.512	43	-368.4
86.544	35.98	-369
86.576	28	-372.7
86.608	19.29	-373.1
86.64	9.087	-375.1
86.672	-0.599	-371.9
86.704	-11.88	-376.4
86.736	-22.47	-375.9
86.784	-32.01	-374.8
86.816	-39.8	-372.6
86.848	-48.16	-372.6
86.88	-54.62	-372.1
86.912	-59.04	-371.3
86.944	-60.8	-371.2
86.976	-62.86	-369.7
87.008	-62.84	-369.1
87.04	-62.6	-369.6
87.072	-57.71	-370.9
87.104	-50.59	-369.4
87.136	-45.62	-378.1
87.184	-37.11	-378
87.216	-27.21	-368.1
87.248	-16.84	-369.9
87.28	-7.695	-376
87.312	3.858	-368.7
87.344	13.38	-367.3
87.376	22.11	-366.3
87.408	25.22	-369.7
87.44	37.75	-367.7
87.472	44.18	-366.2
87.504	48.78	-367.4
87.536	51.92	-367
87.568	52.86	-368.3
87.616	53.18	-368
87.648	52.71	-368.3
87.68	48.45	-366
87.712	43.16	-363.8
87.744	36.05	-364.5
87.776	29.03	-370.7
87.808	20.3	-366.4
87.84	11.03	-366.4
87.872	1.303	-366
87.904	-8.054	-368.4
87.936	-18.54	-370.6
87.968	-27.67	-367.2
88.016	-36.06	-371
88.048	-44.33	-370.6
88.08	-50.33	-365.4
88.112	-54.17	-365.7
88.144	-57.79	-364.2
88.176	-59.23	-363.8
88.208	-59.32	-363.4
88.24	-58.58	-363.6
88.272	-55.91	-364.6
88.304	-51.68	-365.5
88.336	-44.33	-366.9
88.368	-36.36	-369.7
88.4	-27.77	-371.4
88.448	-19.78	-377.7
88.48	-9.043	-368.5
88.512	0.91	-370.5
88.544	11.25	-368.3
88.576	19.89	-367.1
88.608	28.86	-366.6
88.64	35.7	-365.9
88.672	42.78	-367.2
88.704	46.95	-364.2
88.736	50.45	-363.8
88.768	51.27	-361.4
88.8	51.18	-361.4
88.848	50.88	-361.5
88.88	48.22	-361.6
88.912	44.83	-365.7
88.944	38.96	-366.5
88.976	31.44	-367.8
89.008	22.97	-367.5
89.04	14.86	-372.6
89.072	6.077	-375.7
89.104	-3.229	-375.2
89.136	-12.77	-377
89.168	-22.93	-377.4
89.2	-31.55	-377.2
89.232	-39.76	-377.3
89.28	-46.09	-370.4
89.312	-51.1	-370.8
89.344	-54.91	-372
89.376	-56.14	-372.3
89.408	-56.68	-372.1
89.44	-56.96	-372
89.472	-55.9	-372.4
89.504	-50.81	-373.5
89.536	-44.65	-372.2
89.568	-38.1	-376.9
89.6	-30.01	-376.7
89.632	-20.9	-376.8
89.68	-11.8	-378
89.712	-2.508	-365.7
89.744	7.05	-366
89.776	16.75	-369.4
89.808	25.09	-369.3
89.84	32.9	-369.1
89.872	38.82	-369.7
89.904	43.36	-367.1
89.936	46.94	-367
89.968	48.34	-363.8
90	48.94	-363.8
90.032	48.97	-363.5
90.064	47.52	-362.7
90.112	43.27	-365
90.144	38.34	-365.6
90.176	31.38	-372.2
90.208	23.59	-372.1
90.24	15.43	-369.6
90.272	6.348	-365.7
90.304	-2.634	-372.7
90.336	-12.29	-373.6
90.368	-21.03	-374
90.4	-29.04	-371.9
90.432	-36.66	-372.4
90.464	-44.14	-373.2
90.512	-49	-373.4
90.544	-52.87	-373.3
90.576	-55.73	-376.4
90.608	-56.62	-376.1
90.64	-56.75	-376.4
90.672	-55.78	-376.9
90.704	-51.37	-377.3
90.736	-45.57	-377.5
90.768	-38.83	-372.4
90.8	-30.96	-372.5
90.832	-23.23	-372.2
90.864	-13.95	-371.6
90.912	-5.458	-373
90.944	3.883	-372.5
90.976	13.25	-372.1
91.008	21.45	-369.2
91.04	28.4	-367.5
91.072	34.51	-368
91.104	39.68	-368.4
91.136	44.27	-370.9
91.168	46.75	-371.6
91.2	46.76	-366.8
91.232	46.82	-365.8
91.264	46.33	-365.1
91.296	42.65	-365.1
91.344	38.25	-366.9
91.376	31.89	-365.3
91.408	24.91	-365.5
91.44	17.51	-368.8
91.472	9.325	-367.1
91.504	0.155	-373
91.536	-8.204	-373.4
91.568	-17.04	-370.5
91.6	-24.86	-372.9
91.632	-32.92	-373.2
91.664	-39.23	-369.4
91.696	-44.94	-371.4
91.744	-49.11	-367.6
91.776	-52.11	-370.5
91.808	-52.7	-370.6
91.84	-53.17	-370.3
91.872	-52.59	-370.3
91.904	-48.82	-370.3
91.936	-44.73	-369.7
91.968	-38.44	-371.9
92	-31.1	-368.4
92.032	-24.73	-376.9
92.064	-16.07	-373.2
92.096	-7.671	-374.7
92.128	0.994	-373.5
92.176	9.868	-373.2
92.208	17.78	-369.6
92.24	26	-366.9
92.272	31.94	-365.7
92.304	36.02	-363.8
92.336	39.35	-361.8
92.368	42.77	-361.4
92.4	44.28	-361.3
92.432	44.48	-361.2
92.464	43.73	-361.4
92.496	41.4	-362
92.528	37.54	-362.6
92.576	31.21	-363.1
92.608	24.87	-364
92.64	17.68	-364.4
92.672	10.89	-364.2
92.704	2.699	-366.6
92.736	-5.321	-367.3
92.768	-13.38	-366.4
92.8	-21.29	-366.1
92.832	-28.83	-368.2
92.864	-35.57	-370.3
92.896	-41.47	-371.5
92.928	-45.9	-371.2
92.96	-49.15	-368.3
93.008	-49.73	-369.3
93.04	-50.39	-368.9
93.072	-49.92	-369.1
93.104	-48.83	-364.8
93.136	-43.2	-368.8
93.168	-37.53	-371.8
93.2	-30.66	-368
93.232	-24.88	-369.2
93.264	-16.19	-371
93.296	-8.319	-370.5
93.328	0.269	-370.2
93.36	9.039	-369.3
93.408	16.17	-372.3
93.44	23.97	-376
93.472	29.79	-371.6
93.504	35.4	-372.9
93.536	39.24	-371.2
93.568	42.8	-371.9
93.6	43.24	-368
93.632	43.29	-367.5
93.664	43.25	-367.9
93.696	41.68	-368.5
93.728	38.02	-368.6
93.76	32.85	-369.5
93.792	26.45	-367.9
93.84	19.71	-369.8
93.872	12.22	-373.2
93.904	4.389	-371.1
93.936	-4.079	-369.5
93.968	-12.4	-365.8
94	-20.39	-365.6
94.032	-28.07	-367.7
94.064	-33.91	-374.4
94.096	-39.41	-373.3
94.128	-44.22	-373.9
94.16	-47.9	-372.7
94.192	-48.68	-367.6
94.24	-49.15	-367.2
94.272	-49.04	-367.3
94.304	-48.53	-367.3
94.336	-44.22	-368.3
94.368	-38.79	-369.6
94.4	-35.01	-374.3
94.432	-27.1	-375.8
94.464	-18.84	-370.3
94.496	-10.82	-370
94.528	-3.051	-370.1
94.56	5.247	-370.3
94.592	12.26	-369.9
94.64	19.46	-370.2
94.672	25.2	-369.9
94.704	30.24	-368.5
94.736	34.97	-369.3
94.768	38.23	-368.7
94.8	39.9	-369.6
94.832	40.95	-368.7
94.864	41.13	-368.1
94.896	38.99	-370.5
94.928	36.07	-372.9
94.96	32	-373.9
94.992	25.56	-374
95.024	18.73	-373.7
95.072	11.9	-373.7
95.104	4.438	-374.3
95.136	-3.147	-372.6
95.168	-10.68	-373.9
95.2	-18.67	-375.9
95.232	-25.91	-376.1
95.264	-32.14	-376.2
95.296	-37.87	-376.1
95.328	-42.75	-375.9
95.36	-45.93	-373.4
95.392	-47.95	-376.1
95.424	-48.45	-376.4
95.472	-48.93	-376
95.504	-48.16	-376.4
95.536	-44.35	-376
95.568	-39.96	-376.3
95.6	-34.99	-375.6
95.632	-27.18	-380
95.664	-20.12	-378.1
95.696	-12.96	-374.7
95.728	-4.927	-374.7
95.76	2.472	-373.1
95.792	9.935	-369.7
95.824	17.18	-367.3
95.856	23.81	-369.2
95.904	28.24	-369.9
95.936	32.65	-370.5
95.968	36.24	-368.9
96	37.32	-365.7
96.032	37.95	-364.5
96.064	38.36	-364.2
96.096	37.67	-364.7
96.128	34.87	-362.6
96.16	31.21	-364.5
96.192	26.89	-368.3
96.224	20.02	-364.8
96.256	14	-371.8
96.304	7.044	-374
96.336	-4.00E-02	-376.1
96.368	-7.654	-372.2
96.4	-14.99	-372.9
96.432	-22.7	-373.3
96.464	-28.97	-373.5
96.496	-34.77	-374
96.528	-38.55	-374.6
96.56	-42.53	-376.3
96.592	-44.64	-377.1
96.624	-45.85	-371.3
96.656	-45.73	-371.7
96.688	-45.48	-371.6
96.736	-43.8	-367.6
96.768	-38.21	-367.4
96.8	-33.94	-367
96.832	-27.48	-374.4
96.864	-21.05	-375.3
96.896	-13.83	-373.9
96.928	-7.634	-373.8
96.96	0.218	-377.5
96.992	7.51	-375
97.024	14.13	-375.1
97.056	19.08	-373.5
97.088	25.88	-373.4
97.136	29.85	-373.9
97.168	33.82	-374
97.2	34.07	-368.1
97.232	37.17	-374.1
97.264	36.95	-372.2
97.296	36.81	-372.6
97.328	33.14	-370.2
97.36	29.87	-372.3
97.392	25.35	-370.3
97.424	19	-368.6
97.456	13.28	-373.2
97.488	7.076	-366.3
97.536	-0.104	-372.1
97.568	-7.072	-374.1
97.6	-14.25	-374.5
97.632	-20.44	-373.7
97.664	-27.57	-376.9
97.696	-32	-373.2
97.728	-37	-374.4
97.76	-40.7	-374
97.792	-43.85	-375.9
97.824	-44.78	-376.9
97.856	-45.02	-375.1
97.888	-44.73	-375.5
97.92	-41.82	-378.3
97.968	-39.9	-373.8
98	-34.81	-377.9
98.032	-29.42	-373.5
98.064	-23.05	-371.9
98.096	-16.02	-373.7
98.128	-8.979	-377.6
98.16	-2.157	-374.9
98.192	5.146	-375.9
98.224	11.82	-376.6
98.256	16.8	-371.4
98.288	22.88	-375.4
98.32	27.88	-375.3
98.368	31.23	-370.8
98.4	34.4	-375
98.432	34.67	-375.3
98.464	35.01	-374.7
98.496	35.04	-374.2
98.528	33.45	-372.2
98.56	29.01	-371.8
98.592	24.88	-373.7
98.624	20.01	-373.5
98.656	13.94	-372.3
98.688	7.208	-371.6
98.72	0.482	-369.4
98.752	-5.853	-367.9
98.8	-12.88	-376.9
98.832	-19.25	-377.5
98.864	-25.47	-377.2
98.896	-30.01	-370
98.928	-34.86	-374.5
98.96	-38.99	-376.9
98.992	-40.99	-373.1
99.024	-41.64	-373.3
99.056	-42.11	-372.6
99.088	-42.03	-372.5
99.12	-41.79	-372.3
99.152	-38.13	-370.4
99.2	-34.05	-376
99.232	-29.18	-376
99.264	-22.74	-375.9
99.296	-15.79	-373.7
99.328	-9.322	-377.9
99.36	-2.058	-378.3
99.392	3.689	-378.1
99.424	10.48	-376.3
99.456	15.85	-372.5
99.488	21.4	-371.4
99.52	25.36	-375.5
99.552	28.92	-370.7
99.584	32.07	-374.5
99.632	32.27	-367.2
99.664	32.52	-366.4
99.696	32.18	-366.5
99.728	31.49	-366.3
99.76	28.01	-366.6
99.792	24.28	-366.5
99.824	19.84	-367.8
99.856	13.56	-367.3
99.888	8.934	-365.2
99.92	2.389	-366.5
99.952	-3.685	-366.6
99.984	-11.44	-370.3
100.032	-17.4	-366.2
100.064	-23.59	-366.4
100.096	-28.14	-367.4
100.128	-32.88	-373
100.16	-36.94	-373.5
100.192	-39.48	-373.5
100.224	-40.77	-366.7
100.256	-40.95	-366.5
100.288	-41.21	-366.4
100.32	-40.6	-366.6
100.352	-36.77	-366.9
100.384	-33.46	-365.7
100.416	-30.21	-367.6
100.464	-23.56	-367.5
100.496	-18.26	-378.2
100.528	-11.9	-375.8
100.56	-5.062	-366.7
100.592	0.157	-366.6
100.624	7.462	-366.5
100.656	11.77	-367.9
100.688	17.43	-368
100.72	20.96	-367.1
100.752	22.83	-367.3
100.784	27.07	-367
100.816	27.97	-365.6
100.864	28.92	-366.9
100.896	29.14	-367.2
100.928	28.44	-367.4
100.96	25.24	-373.7
100.992	22.05	-374.5
101.024	17.77	-374
101.056	13.1	-374
101.088	6.883	-372.1
101.12	0.754	-374.5
101.152	-4.761	-371.6
101.184	-11.3	-371.3
101.216	-16.64	-373.4
101.264	-23.21	-371
101.296	-26.83	-368.5
101.328	-32.07	-375.5
101.36	-35.62	-375
101.392	-38.61	-372.1
101.424	-39.76	-372.2
101.456	-40.17	-372.2
101.488	-40.14	-372.4
101.52	-39.86	-372.5
101.552	-38.21	-371.5
101.584	-37.77	-371.6
101.616	-29.61	-369.9
101.648	-24.16	-369.1
101.696	-18.81	-367.8
101.728	-14.71	-373.9
101.76	-7.082	-368.1
101.792	-5.011	-370.8
101.824	2.916	-368.6
101.856	9.274	-369.7
101.888	13.68	-371.1
101.92	17.84	-370.8
101.952	22.1	-370
101.984	25.92	-369.2
102.016	26.63	-369.4
102.048	27.06	-369.5
102.096	27.56	-369.1
102.128	27.01	-368.6
102.16	24.66	-370.2
102.192	22.03	-370.5
102.224	17.94	-369.7
102.256	14.04	-373.1
102.288	8.325	-374.6
102.32	3.235	-374.7
102.352	-3.207	-374.2
102.384	-8.485	-374.1
102.416	-14.86	-376.7
102.448	-20.15	-373.2
102.48	-24.65	-374.3
102.528	-29.04	-370.1
102.56	-32.79	-371.8
102.592	-35.17	-375.5
102.624	-37.23	-367.3
102.656	-37.18	-366.3
102.688	-37.25	-366.1
102.72	-36.98	-366.3
102.752	-34.05	-366.2
102.784	-31.02	-371.7
102.816	-27.15	-371.5
102.848	-22.56	-369.7
102.88	-19.03	-374
102.928	-12.46	-375.7
102.96	-7.267	-370.4
102.992	-0.452	-370.7
103.024	3.707	-370.2
103.056	9.262	-370
103.088	14.32	-368.5
103.12	18.52	-368.8
103.152	21.68	-369.6
103.184	24.72	-369.4
103.216	26.46	-368.5
103.248	26.77	-368.8
103.28	27.29	-368.2
103.312	26.96	-368.3
103.36	26.05	-367.6
103.392	21.83	-370.5
103.424	18.24	-366.4
103.456	14.39	-366.2
103.488	10.18	-367.8
103.52	4.321	-365.7
103.552	-1.883	-367.8
103.584	-7.21	-363.8
103.616	-11.92	-363.8
103.648	-16.69	-365.5
103.68	-21.55	-366.5
103.712	-25.96	-368.1
103.76	-29.97	-367.9
103.792	-32.41	-368.2
103.824	-34.39	-368.5
103.856	-35.17	-368
103.888	-35.15	-368
103.92	-34.99	-368.2
103.952	-32.92	-374.9
103.984	-31.06	-375.5
104.016	-26.92	-374.5
104.048	-22.89	-375.6
104.08	-18.83	-376.9
104.112	-12.99	-375.1
104.144	-7.943	-372.7
104.192	-0.977	-371.3
104.224	3.254	-375.1
104.256	8.313	-368.3
104.288	12.85	-369.4
104.32	17.28	-369.8
104.352	20.99	-373.5
104.384	23.83	-375.2
104.416	24.81	-373.3
104.448	25.87	-369.6
104.48	25.91	-369.6
104.512	25.75	-369.6
104.544	25.16	-368.6
104.592	21.7	-370.6
104.624	18.58	-370.4
104.656	14.47	-370.5
104.688	10	-374.3
104.72	4.569	-367.8
104.752	-0.24	-368.7
104.784	-5.314	-369.3
104.816	-9.973	-371.9
104.848	-14.99	-370.3
104.88	-20.04	-372.3
104.912	-23.53	-372.6
104.944	-27.25	-371.1
104.992	-29.69	-367.7
105.024	-31.7	-370.2
105.056	-32.94	-371.2
105.088	-33.05	-371.3
105.12	-32.95	-371.5
105.152	-32.28	-371.2
105.184	-27.97	-371.5
105.216	-24.85	-371
105.248	-20.89	-372.4
105.28	-16.85	-372.2
105.312	-11.96	-371.7
105.344	-6.941	-375.6
105.376	-2.042	-371.6
105.424	3.48	-370.7
105.456	7.962	-376
105.488	12.35	-371.6
105.52	16.03	-371.7
105.552	19.48	-372.4
105.584	22.36	-371.9
105.616	23.37	-370.9
105.648	23.36	-367.9
105.68	24	-369.7
105.712	23.85	-369.7
105.744	23.7	-369.2
105.776	20.96	-370.8
105.824	18.09	-374.7
105.856	14.01	-374.4
105.888	10.04	-373.7
105.92	4.836	-374.8
105.952	0.326	-372.7
105.984	-4.613	-375.4
106.016	-9.542	-376
106.048	-14.67	-374.4
106.08	-19	-375.5
106.112	-23.14	-375.6
106.144	-26.5	-375.7
106.176	-29.23	-374.9
106.208	-30.94	-369.6
106.256	-31.15	-369.5
106.288	-31.16	-368.8
106.32	-31.22	-368.4
106.352	-30.66	-368.1
106.384	-27.84	-372.1
106.416	-24.48	-370.5
106.448	-21.17	-374.2
106.48	-17.19	-376.4
106.512	-12.26	-371.3
106.544	-7.919	-370.3
106.576	-2.5	-368.9
106.608	1.789	-369
106.656	7.222	-372.3
106.688	11.41	-368.3
106.72	14.81	-368
106.752	18.3	-368.2
106.784	20.4	-366.7
106.816	21.28	-366.6
106.848	22.08	-365.4
106.88	23.16	-365.5
106.912	22.92	-365.4
106.944	22.55	-365.5
106.976	19.37	-365.6
107.008	17.28	-366.7
107.04	12.81	-369.5
107.088	9.72	-367.6
107.12	5.387	-368.4
107.152	0.838	-366.6
107.184	-3.889	-366.9
107.216	-9.061	-376.1
107.248	-13.87	-375.3
107.28	-17.76	-376.2
107.312	-21.52	-376.3
107.344	-24.89	-373.2
107.376	-26.8	-372.9
107.408	-29.38	-372
107.44	-29.91	-372.3
107.488	-30.27	-372.2
107.52	-30.06	-372.2
107.552	-29.68	-372.7
107.584	-26.19	-372.4
107.616	-24.65	-371.2
107.648	-20.85	-371.1
107.68	-16.63	-370.5
107.712	-13.08	-375.2
107.744	-8.016	-377.5
107.776	-3.644	-374.1
107.808	0.639	-370.9
107.84	5.233	-370.7
107.872	9.797	-370.6
107.92	13.84	-373.4
107.952	17.57	-372.5
107.984	17.98	-365.5
108.016	20.07	-370.6
108.048	20.67	-370.4
108.08	21.69	-369.2
108.112	21.91	-369.1
108.144	21.79	-368.4
108.176	19.74	-372.9
108.208	17.03	-373.2
108.24	13.75	-375.1
108.272	10.06	-373.2
108.32	6.008	-372.4
108.352	1.802	-374.4
108.384	-2.502	-376.1
108.416	-7.193	-376.4
108.448	-11.2	-371.1
108.48	-15.28	-371.7
108.512	-18.97	-372
108.544	-21.81	-371.7
108.576	-24.14	-373.5
108.608	-25.5	-373.6
108.64	-26.83	-372.9
108.672	-27.14	-372.4
108.72	-27.02	-371.7
108.752	-26.74	-370.4
108.784	-23.96	-377.8
108.816	-22.12	-371.1
108.848	-18.93	-376
108.88	-15.52	-374.7
108.912	-11.11	-375.6
108.944	-6.96	-374.3
108.976	-2.737	-375
109.008	1.845	-375.5
109.04	6.3	-374.1
109.072	10.18	-375.6
109.104	14.09	-376
109.152	14.8	-369
109.184	19.35	-371.6
109.216	19.61	-371.1
109.248	20.27	-369.1
109.28	20.63	-369.3
109.312	21.01	-369.2
109.344	20.85	-369.1
109.376	18.93	-373.9
109.408	15.84	-370.6
109.44	13.32	-370.1
109.472	9.254	-370.4
109.504	5.359	-370.2
109.552	1.044	-370.4
109.584	-3.1	-372.7
109.616	-7.138	-366.8
109.648	-11.04	-366.4
109.68	-14.88	-366.1
109.712	-18.48	-371.8
109.744	-21.91	-367.3
109.776	-23.96	-375.7
109.808	-25.22	-375.2
109.84	-26.01	-374.6
109.872	-26.37	-374.4
109.904	-26.16	-374.5
109.936	-25.83	-374.5
109.984	-25.04	-369.8
110.016	-20.62	-369.8
110.048	-18.22	-373.6
110.08	-14.79	-372.3
110.112	-11.21	-374.1
110.144	-6.992	-370
110.176	-2.913	-370
110.208	1.61	-370.6
110.24	4.9	-369.9
110.272	8.741	-371.2
110.304	12.56	-368.9
110.336	15.31	-372.4
110.384	16.94	-372.8
110.416	18.35	-367.8
110.448	18.92	-367.5
110.48	19.29	-367.3
110.512	18.98	-367.2
110.544	18.67	-367.5
110.576	17.12	-368.1
110.608	14.08	-368.6
110.64	11.22	-367.9
110.672	7.833	-370.6
110.704	4.354	-372.3
110.736	0.651	-376.6
110.768	-2.995	-376.5
110.816	-7.084	-376.1
110.848	-11.26	-376.8
110.88	-14.61	-376.3
110.912	-18.09	-376
110.944	-20.68	-377.2
110.976	-22.75	-372.6
111.008	-23.75	-372.6
111.04	-25.3	-369.9
111.072	-25.48	-370.1
111.104	-25.69	-370.2
111.136	-25.73	-370.4
111.168	-23.31	-369.8
111.216	-21.74	-369.6
111.248	-19	-369
111.28	-15.59	-367.7
111.312	-11.89	-372.2
111.344	-8.458	-371.8
111.376	-4.634	-371.3
111.408	-0.323	-369.5
111.44	3.77	-376.4
111.472	7.984	-375.3
111.504	10.89	-369.8
111.536	12.95	-367.4
111.568	15.92	-367.3
111.6	16.64	-367
111.648	17.12	-366.9
111.68	18.1	-366
111.712	18.09	-366.4
111.744	17.7	-366.3
111.776	17.18	-366.3
111.808	13.29	-366.6
111.84	11.26	-367
111.872	7.674	-368.7
111.904	4.513	-370.1
111.936	0.416	-369.6
111.968	-3.435	-373.9
112	-7.315	-367.7
112.048	-11.03	-372.7
112.08	-14.25	-366.3
112.112	-17.19	-375.6
112.144	-19.56	-373.6
112.176	-20.71	-366.4
112.208	-22.85	-364.4
112.24	-23.85	-364.5
112.272	-24.66	-364.8
112.304	-24.63	-364.7
112.336	-24.38	-364.3
112.368	-21.68	-367.4
112.4	-21.13	-367.8
112.448	-17.97	-369.4
112.48	-14.74	-371.2
112.512	-11.26	-374.7
112.544	-7.624	-376.1
112.576	-4.05	-375.1
112.608	7.24E-02	-374.2
112.64	3.296	-369.7
112.672	6.791	-372.9
112.704	10.11	-376
112.736	11.93	-366.6
112.768	13.33	-365.7
112.8	14.32	-365.5
112.832	14.86	-365.1
112.88	15.57	-365.1
112.912	15.28	-365.3
112.944	15.03	-365.4
112.976	14.39	-364.6
113.008	11.38	-375.3
113.04	8.464	-373.3
113.072	5.15	-372.4
113.104	2.102	-367
113.136	-2	-369.4
113.168	-5.091	-367.3
113.2	-8.13	-367.7
113.232	-11.94	-367.6
113.28	-14.98	-366.6
113.312	-17.11	-369.4
113.344	-19.88	-367.6
113.376	-21.7	-366.8
113.408	-23.03	-366.1
113.44	-23.38	-366.4
113.472	-23.44	-366.6
113.504	-23.87	-366.6
113.536	-23.35	-366.3
113.568	-22.76	-366.5
113.6	-19.44	-366.7
113.632	-16.86	-370.4
113.664	-15.4	-364.7
113.712	-11.12	-364.7
113.744	-7.652	-368.6
113.776	-4.231	-368
113.808	-0.472	-368.3
113.84	2.435	-368.3
113.872	5.356	-368.4
113.904	8.665	-372.8
113.936	10.96	-369.8
113.968	11.9	-369.8
114	12.8	-369.4
114.032	13.97	-368.9
114.064	14.92	-368.9
114.112	14.87	-368.9
114.144	14.74	-368.5
114.176	14.19	-368.6
114.208	11.01	-368.1
114.24	10.13	-369.9
114.272	6.356	-371.1
114.304	2.483	-368.5
114.336	-0.731	-366.8
114.368	-4.17	-366.4
114.4	-6.965	-365.4
114.432	-10.59	-366.3
114.464	-14.09	-365.8
114.496	-15.99	-365.9
114.544	-18.81	-366.4
114.576	-19.54	-366.6
114.608	-20.47	-366.3
114.64	-21.75	-366.2
114.672	-22.2	-366.2
114.704	-22.35	-366.2
114.736	-21.89	-366.3
114.768	-21.65	-366
114.8	-18.81	-370.4
114.832	-16.11	-370.4
114.864	-14.04	-367.5
114.896	-10.38	-365.5
114.944	-7.54	-365.6
114.976	-3.198	-366.7
115.008	-0.114	-365.7
115.04	2.739	-367.1
115.072	6.587	-366.3
115.104	7.959	-366.6
115.136	10.84	-366.1
115.168	11.68	-366.3
115.2	13.16	-366.7
115.232	14.02	-366.3
115.264	14.37	-366.2
115.296	14.26	-366.4
115.328	13.92	-366.2
115.376	13.49	-366.4
115.408	10.38	-366.6
115.44	7.859	-364.8
115.472	5.115	-365.5
115.504	2.287	-367.1
115.536	-0.639	-365.7
115.568	-4.138	-365.9
115.6	-7.204	-365.8
115.632	-10.13	-364.7
115.664	-12.59	-364.7
115.696	-15.7	-364.9
115.728	-16.71	-365.5
115.776	-19.2	-367.1
115.808	-19.74	-367.5
115.84	-20.39	-367.6
115.872	-21.06	-367.6
115.904	-21.05	-367.3
115.936	-20.81	-367.1
115.968	-20.54	-368.8
116	-17.38	-367.9
116.032	-14.93	-371.7
116.064	-11.36	-371.3
116.096	-10.58	-371.5
116.128	-6.774	-367.5
116.176	-3.04	-369.6
116.208	-0.166	-374.3
116.24	3.426	-375.4
116.272	4.655	-368.7
116.304	8.826	-367.7
116.336	9.074	-367.5
116.368	12.33	-367.5
116.4	12.74	-367.3
116.432	13.43	-367.3
116.464	13.51	-367.6
116.496	13.38	-367.1
116.528	12.81	-367.4
116.56	11.71	-365.5
116.608	10.62	-365.3
116.64	7.687	-367.1
116.672	5.302	-367
116.704	2.211	-366.7
116.736	-0.556	-367.7
116.768	-3.806	-367
116.8	-6.83	-367.6
116.832	-9.912	-367
116.864	-12.64	-369
116.896	-14.58	-366.8
116.928	-16.89	-365.9
116.96	-18.78	-368
117.008	-19.4	-368.1
117.04	-20.67	-368.3
117.072	-20.96	-368.3
117.104	-20.86	-368.5
117.136	-20.78	-368.6
117.168	-19.25	-367.8
117.2	-16.85	-372.5
117.232	-15.19	-372.5
117.264	-11.8	-372.7
117.296	-8.883	-376
117.328	-5.892	-376
117.36	-3.606	-370.3
117.392	-0.61	-372.7
117.44	2.005	-371.2
117.472	4.777	-372.1
117.504	7.232	-373
117.536	8.817	-369.7
117.568	10.25	-370.9
117.6	11.27	-371.4
117.632	11.36	-371.5
117.664	11.36	-371.5
117.696	11.09	-371.6
117.728	10.96	-371.4
117.76	8.251	-368.1
117.792	7.149	-367.9
117.84	5.786	-372.8
117.872	2.357	-374.3
117.904	-0.806	-372.6
117.936	-3.507	-373.2
117.968	-6.522	-371.4
118	-10.03	-371.2
118.032	-12.96	-371.2
118.064	-15.22	-371.5
118.096	-17.1	-372.4
118.128	-18.72	-371.5
118.16	-19.37	-371
118.192	-20.06	-371.2
118.224	-20.81	-371.8
118.272	-21.17	-371.4
118.304	-21.02	-371.5
118.336	-20.75	-371.4
118.368	-18.28	-373.4
118.4	-16.77	-369.2
118.432	-15.77	-373.4
118.464	-12.31	-372.8
118.496	-9.216	-372.8
118.528	-7.3	-372.5
118.56	-3.094	-372.9
118.592	-2.212	-372.6
118.624	2.657	-372.2
118.672	5.61	-372.6
118.704	6.838	-375.4
118.736	8.701	-372.8
118.768	9.957	-372.2
118.8	10.87	-372.6
118.832	11.39	-371.4
118.864	11.42	-371.3
118.896	10.99	-371.4
118.928	10.89	-371.3
118.96	9.916	-367.1
118.992	7.231	-371
119.024	6.278	-371.2
119.072	2.114	-371.5
119.104	-0.187	-368.6
119.136	-3.006	-368.4
119.168	-5.568	-369.4
119.2	-7.807	-369.7
119.232	-11.07	-366.7
119.264	-12.99	-367.2
119.296	-15.46	-366.5
119.328	-16.24	-366
119.36	-17.31	-366.2
119.392	-18.13	-366.1
119.424	-18.13	-366
119.456	-18.17	-366.3
119.504	-17.89	-366.2
119.536	-17.8	-366.4
119.568	-16.28	-366
119.6	-13.96	-364.8
119.632	-12.82	-366.7
119.664	-9.236	-367.7
119.696	-5.974	-370.3
119.728	-3.163	-372.4
119.76	-2.12	-369.3
119.792	1.886	-368.9
119.824	3.979	-371
119.856	6.732	-368.6
119.904	8.416	-367.9
119.936	9.949	-366.4
119.968	10.84	-366.6
120	11.69	-366.4
120.032	11.98	-366.3
120.064	12.09	-366.2
120.096	11.81	-366.4
120.128	11.7	-366.6
120.16	10.12	-367.4
120.192	8.997	-367.2
120.224	6.05	-367
120.256	3.87	-367
120.288	1.142	-364.9
120.336	-1.263	-367.8
120.368	-3.957	-367.6
120.4	-6.76	-366.9
120.432	-7.824	-367.5
120.464	-11.07	-366.2
120.496	-12.52	-365.6
120.528	-13.89	-365.2
120.56	-15.6	-365.4
120.592	-16.09	-365.2
120.624	-16.32	-364.8
120.656	-16.09	-364.3
120.688	-16.12	-364.3
120.736	-15.78	-364.5
120.768	-14.75	-364.5
120.8	-12.79	-366.2
120.832	-9.721	-364.6
120.864	-8.755	-366.3
120.896	-5.885	-365.4
120.928	-2.901	-366.2
120.96	3.77E-02	-371.2
120.992	2.728	-366.3
121.024	3.985	-366.4
121.056	5.542	-366.7
121.088	7.652	-366.5
121.12	8.868	-366.6
121.168	10.01	-366.2
121.2	10.47	-366.2
121.232	10.25	-366.4
121.264	10.28	-366.4
121.296	10.08	-366.4
121.328	9.753	-366.2
121.36	8.961	-366.2
121.392	6.059	-376.4
121.424	5.202	-370.6
121.456	1.647	-370.6
121.488	0.284	-370.3
121.52	-3.496	-372.5
121.568	-6.327	-372.6
121.6	-7.954	-371.9
121.632	-10.49	-371.1
121.664	-12.03	-368.5
121.696	-14.28	-372.9
121.728	-14.77	-373.1
121.76	-15.88	-373.3
121.792	-16.91	-373.3
121.824	-16.99	-366.9
121.856	-16.95	-367.2
121.888	-16.76	-367.2
121.92	-16.61	-367.5
121.952	-13.82	-376.6
122	-13.63	-373.7
122.032	-10.63	-371
122.064	-9.733	-372.3
122.096	-6.091	-375
122.128	-4.888	-372.5
122.16	-1.107	-371.6
122.192	-0.193	-370.4
122.224	2.899	-371.3
122.256	5.44	-367.9
122.288	6.712	-372.5
122.32	8.118	-371.4
122.352	8.457	-371.2
122.4	9.461	-366.8
122.432	9.552	-366.7
122.464	9.367	-366
122.496	8.934	-366.1
122.528	8.525	-366.2
122.56	5.417	-370.3
122.592	4.661	-370.1
122.624	3.932	-366.5
122.656	0.138	-368.7
122.688	-2.865	-368.6
122.72	-3.658	-368.2
122.752	-7.514	-370.8
122.8	-9.898	-369.3
122.832	-11.88	-373.7
122.864	-14.09	-372.5
122.896	-15.35	-370.5
122.928	-16.49	-370.8
122.96	-17.14	-365.9
122.992	-17.29	-366.3
123.024	-17.5	-366
123.056	-17.96	-366.1
123.088	-17.64	-366.3
123.12	-17.26	-366.3
123.152	-15.19	-371.2
123.184	-13.55	-368.8
123.232	-10.18	-370.7
123.264	-9.487	-370.4
123.296	-8.071	-366.9
123.328	-4.248	-367.5
123.36	-1.322	-372
123.392	0.592	-368.4
123.424	2.063	-367.6
123.456	4.418	-367.6
123.488	5.276	-367.5
123.52	7.343	-367.5
123.552	7.868	-367.1
123.584	8.155	-366.9
123.632	8.511	-366.6
123.664	7.89	-366.6
123.696	8.04	-366.5
123.728	7.386	-366.3
123.76	5.345	-365.8
123.792	2.915	-373.9
123.824	1.504	-369.9
123.856	-0.1	-367.1
123.888	-3.725	-371
123.92	-5.843	-369.2
123.952	-8.486	-368.7
123.984	-9.508	-368.3
124.016	-12.76	-368.7
124.064	-13.29	-367.8
124.096	-15.18	-366.4
124.128	-15.9	-367
124.16	-17.03	-366.2
124.192	-17.1	-366.2
124.224	-17.14	-366.2
124.256	-17.12	-366.2
124.288	-16.86	-366.2
124.32	-16.82	-366.7
124.352	-14.28	-368.4
124.384	-12.61	-372.4
124.416	-11.14	-370.8
124.464	-7.462	-371.5
124.496	-6.969	-371.1
124.528	-3.94	-371.8
124.56	-2.159	-371.1
124.592	0.246	-371.6
124.624	0.826	-367.4
124.656	4.734	-370.9
124.688	5.231	-370.6
124.72	5.996	-369.8
124.752	6.514	-368.9
124.784	7.308	-368.6
124.816	7.17	-367.7
124.848	7.265	-367.4
124.896	6.806	-367.4
124.928	6.673	-367.8
124.96	3.94	-367.6
124.992	3.254	-369.8
125.024	-0.789	-368.2
125.056	-1.761	-369.8
125.088	-3.815	-370.1
125.12	-6.768	-368.5
125.152	-8.071	-366.4
125.184	-10.09	-366
125.216	-11.49	-366.7
125.248	-13.6	-367.2
125.296	-14.93	-367.1
125.328	-15.55	-367.2
125.36	-16.26	-367.3
125.392	-16.33	-367.1
125.424	-16.21	-367.3
125.456	-15.94	-367.1
125.488	-15.83	-367.3
125.52	-14.81	-368.6
125.552	-13.9	-368.7
125.584	-11.3	-368.2
125.616	-10.33	-368.5
125.648	-9.554	-368.5
125.68	-4.904	-368.7
125.728	-3.921	-371.9
125.76	-0.522	-368.3
125.792	-6.23E-02	-368.3
125.824	3.336	-369.8
125.856	4.108	-369.3
125.888	4.968	-369
125.92	5.595	-369.2
125.952	5.802	-369.3
125.984	6.383	-369.1
126.016	6.426	-368.6
126.048	6.41	-368.3
126.08	5.95	-368.3
126.128	4.878	-367.8
126.16	2.993	-367.2
126.192	2.207	-367.1
126.224	0.78	-366.1
126.256	-1.1	-368.2
126.288	-2.972	-366.4
126.32	-5.54	-366.1
126.352	-8.344	-366.1
126.384	-10.69	-370.1
126.416	-11.94	-370.4
126.448	-13.35	-370.6
126.48	-13.92	-370.4
126.528	-14.72	-370.7
126.56	-15.15	-370.4
126.592	-15.12	-370.1
126.624	-15.08	-369.8
126.656	-14.87	-369
126.688	-14.77	-369.6
126.72	-14.05	-367.9
126.752	-11.83	-375.5
126.784	-9.954	-369.8
126.816	-8.946	-374.8
126.848	-5.555	-373.6
126.88	-4.143	-369.5
126.912	-2.586	-369.3
126.96	-1.049	-374.4
126.992	1.863	-369.6
127.024	2.65	-369.6
127.056	4.682	-369.9
127.088	5.41	-370.7
127.12	6.958	-369.8
127.152	7.531	-369.2
127.184	7.197	-369.2
127.216	6.973	-369.1
127.248	6.975	-369.2
127.28	6.646	-369.8
127.312	5.85	-369.4
127.36	3.25	-372
127.392	2.818	-372.3
127.424	-0.107	-372.4
127.456	-0.914	-372.1
127.488	-4.015	-373.2
127.52	-6.422	-371.6
127.552	-7.6	-370.9
127.584	-10.39	-371.5
127.616	-11.67	-371.5
127.648	-12.65	-371.5
127.68	-14.32	-371
127.712	-14.61	-371.1
127.744	-15.07	-370.4
127.792	-15.25	-367.6
127.824	-15.11	-367.1
127.856	-14.77	-367.3
127.888	-14.6	-367
127.92	-12.81	-365.8
127.952	-11.6	-365.6
127.984	-10.31	-364.7
128.016	-7.751	-365.2
128.048	-6.805	-365.4
128.08	-4.916	-369.7
128.112	-2.818	-367.7
128.144	-1.99	-367.9
128.192	1.079	-366.3
128.224	2.538	-365.5
128.256	3.914	-364.4
128.288	4.494	-365.6
128.32	4.431	-366.3
128.352	4.827	-366.2
128.384	5.06	-366.4
128.416	5.123	-366.4
128.448	4.953	-366.4
128.48	4.651	-366.5
128.512	4.118	-366.8
128.544	2.717	-367.4
128.576	-0.268	-367.5
128.624	-0.544	-367.3
128.656	-3.488	-367.1
128.688	-6.151	-369.4
128.72	-7.777	-370.4
128.752	-9.486	-371
128.784	-10.92	-368.8
128.816	-12.89	-370.2
128.848	-13.64	-369.3
128.88	-14.48	-369
128.912	-15.84	-368.2
128.944	-15.81	-367.9
128.976	-16.1	-368.1
129.024	-16.2	-368.5
129.056	-16.05	-368.2
129.088	-15.65	-368
129.12	-15.16	-374.2
129.152	-12.07	-370.4
129.184	-11.25	-370.4
129.216	-9.225	-374.2
129.248	-6.977	-372
129.28	-4.274	-367.9
129.312	-2.98	-368.5
129.344	-0.964	-368.3
129.376	6.21E-02	-368.2
129.408	2.061	-368.4
129.456	2.706	-367.1
129.488	5.703	-365.8
129.52	6.027	-365.6
129.552	6.27	-365.5
129.584	6.204	-365.6
129.616	5.958	-365.4
129.648	5.766	-365.7
129.68	5.451	-365.7
129.712	3.998	-365.4
129.744	2.805	-365.5
129.776	1.674	-365.6
129.808	0.316	-365.2
129.856	-2.783	-365.6
129.888	-3.953	-365.3
129.92	-4.494	-365.3
129.952	-5.96	-364.3
129.984	-8.672	-365.2
130.016	-10.35	-365
130.048	-11.63	-365.4
130.08	-12.18	-365.4
130.112	-12.38	-365
130.144	-12.74	-365.2
130.176	-12.95	-365.3
130.208	-12.82	-364.8
130.256	-12.61	-364.7
130.288	-11.9	-364.4
130.32	-10.03	-364.7
130.352	-9.039	-363.9
130.384	-6.264	-363.3
130.416	-4.237	-363.7
130.448	-3.609	-363.7
130.48	-1.425	-365
130.512	-0.362	-364.5
130.544	1.305	-364.1
130.576	3.951	-364.8
130.608	4.423	-364.4
130.64	4.671	-364.4
130.688	5.393	-364.6
130.72	5.762	-364.6
130.752	6.602	-364.5
130.784	6.473	-364.4
130.816	5.995	-364.3
130.848	5.956	-364.3
130.88	5.4	-364.7
130.912	3.929	-364.7
130.944	2.953	-364.3
130.976	1.751	-364.1
131.008	-0.499	-364.7
131.04	-1.868	-364.4
131.088	-5.035	-366
131.12	-5.935	-366.1
131.152	-8.431	-365.7
131.184	-9.399	-365.5
131.216	-10.52	-365.3
131.248	-11.56	-365.5
131.28	-13.25	-367
131.312	-13.34	-367.2
131.344	-13.29	-367.3
131.376	-13.15	-367.2
131.408	-12.98	-367.3
131.44	-12.65	-367.6
131.472	-11.88	-367.1
131.52	-9.974	-373
131.552	-9.713	-373.2
131.584	-6.993	-370.7
131.616	-6.346	-370.8
131.648	-3.036	-369.4
131.68	-2.281	-369.1
131.712	0.194	-370.2
131.744	1.267	-369.9
131.776	3.275	-373
131.808	3.306	-373.2
131.84	3.872	-373.5
131.872	4.67	-372.9
131.92	5.237	-371.6
131.952	5.81	-369.6
131.984	5.856	-369.4
132.016	5.437	-369.4
132.048	4.831	-369.5
132.08	4.407	-369.3
132.112	3.02	-369.9
132.144	0.717	-367.8
132.176	0.172	-367.2
132.208	-2.639	-367.8
132.24	-3.347	-367.6
132.272	-5.936	-367.1
132.304	-7.606	-366.8
132.352	-8.55	-366.8
132.384	-10.46	-365.7
132.416	-11.26	-366.2
132.448	-11.84	-365.7
132.48	-12.55	-366.2
132.512	-13.3	-365.8
132.544	-13.37	-365.4
132.576	-13.02	-365.2
132.608	-12.78	-365.3
132.64	-12.48	-364.6
132.672	-12.27	-365.7
132.704	-9.163	-367.8
132.752	-8.449	-367.1
132.784	-7.099	-367.2
132.816	-5.068	-366.9
132.848	-3.261	-365.4
132.88	-1.888	-366.4
132.912	-0.541	-366.5
132.944	1.645	-365.2
132.976	2.619	-365.4
133.008	3.901	-365.8
133.04	4.348	-365.3
133.072	4.863	-365.2
133.104	5.317	-365.4
133.136	5.603	-364.9
133.184	5.058	-365.2
133.216	4.895	-365.3
133.248	4.674	-365.2
133.28	4.32	-365.6
133.312	1.38	-365.7
133.344	0.758	-365.4
133.376	-0.43	-365.8
133.408	-2.915	-367.2
133.44	-4.144	-368.4
133.472	-6.636	-369.2
133.504	-7.668	-367.9
133.536	-9.893	-368.3
133.584	-10.19	-367.5
133.616	-11.08	-367.9
133.648	-11.39	-368
133.68	-11.86	-368
133.712	-12	-367.7
133.744	-12.06	-367.2
133.776	-12.06	-367.1
133.808	-11.63	-367
133.84	-11.67	-367.3
133.872	-10.83	-367.3
133.904	-8.728	-371.7
133.936	-7.714	-368.6
133.984	-5.846	-366.5
134.016	-4.681	-368
134.048	-3.521	-368.4
134.08	-0.984	-365.6
134.112	-0.478	-365.8
134.144	1.568	-365.3
134.176	1.728	-365.3
134.208	2.435	-365.5
134.24	2.971	-365.3
134.272	3.284	-365.5
134.304	3.626	-365.9
134.336	4.029	-365.6
134.368	4.047	-365.5
134.416	3.882	-365.4
134.448	3.729	-365.4
134.48	3.054	-364.5
134.512	1.844	-364.8
134.544	1.039	-364.4
134.576	-1.649	-365.5
134.608	-2.801	-364.9
134.64	-3.412	-365.3
134.672	-6.874	-365.5
134.704	-8.346	-365.3
134.736	-8.55	-364.4
134.768	-9.334	-364.6
134.816	-9.723	-364.2
134.848	-10.8	-364.2
134.88	-11.57	-364.4
134.912	-12.2	-364.2
134.944	-12.11	-364.4
134.976	-11.91	-364.2
135.008	-11.36	-363.9
135.04	-10.54	-363.4
135.072	-8.112	-366
135.104	-8.024	-366.3
135.136	-6.16	-364
135.168	-4.754	-364.6
135.2	-3.574	-364.4
135.248	-1.593	-364.4
135.28	-1.004	-364.4
135.312	0.296	-364.5
135.344	2.486	-364.4
135.376	2.731	-364.3
135.408	3.411	-364.3
135.44	3.431	-364.4
135.472	3.974	-364.8
135.504	4.25	-364.4
135.536	4.457	-364.7
135.568	4.233	-364.7
135.6	3.98	-364.6
135.648	3.733	-364.6
135.68	2.821	-364.5
135.712	1.598	-364.3
135.744	2.84E-02	-364.4
135.776	-1.28	-364.6
135.808	-3.709	-365
135.84	-5.046	-366.2
135.872	-5.375	-366.1
135.904	-6.899	-367.3
135.936	-8.927	-366.4
135.968	-9.201	-366
136	-9.564	-366.1
136.032	-10.47	-366.5
136.08	-11.04	-366.3
136.112	-11.04	-366.1
136.144	-11.11	-366.2
136.176	-10.76	-366
136.208	-10.8	-366.2
136.24	-9.787	-365.6
136.272	-9.044	-369.8
136.304	-7.171	-367.2
136.336	-6.216	-367.3
136.368	-2.959	-368.5
136.4	-2.507	-367.9
136.432	-1.83	-371
136.48	0.749	-368.7
136.512	1.561	-367.2
136.544	1.509	-366.9
136.576	2.01	-367.5
136.608	3.522	-368.9
136.64	3.63	-369.2
136.672	4.343	-369.5
136.704	4.076	-369.3
136.736	4.283	-369.4
136.768	3.99	-369.4
136.8	3.578	-369.3
136.832	2.684	-369
136.864	2.082	-368.8
136.912	-4.23E-02	-370.1
136.944	-0.922	-366.8
136.976	-3.005	-376.5
137.008	-4.749	-377.9
137.04	-6.168	-377.8
137.072	-7.205	-377.9
137.104	-8.165	-368.1
137.136	-8.729	-368.7
137.168	-10.14	-368.4
137.2	-11	-368.2
137.232	-11.09	-368
137.264	-11.23	-367.8
137.312	-11.08	-367.7
137.344	-11.02	-367.3
137.376	-10.8	-367.2
137.408	-10.66	-367.3
137.44	-9.796	-369.3
137.472	-7.961	-370.6
137.504	-6.927	-370.4
137.536	-5.164	-369.9
137.568	-3.992	-370
137.6	-2.814	-370.6
137.632	-0.98	-370.5
137.664	-0.209	-370.1
137.712	0.449	-370.2
137.744	1.32	-370.1
137.776	2.93	-366.8
137.808	3.157	-367.1
137.84	3.479	-367.3
137.872	3.385	-367.1
137.904	3.212	-367.2
137.936	3.379	-367
137.968	2.927	-367.2
138	2.607	-367.3
138.032	1.867	-367
138.064	0.364	-367.2
138.096	-0.613	-367.7
138.144	-1.926	-367.3
138.176	-3.898	-367.5
138.208	-5.042	-367
138.24	-6.218	-367.2
138.272	-7.083	-366.2
138.304	-8.309	-365.6
138.336	-8.562	-365.6
138.368	-9.421	-365.2
138.4	-10.19	-365.4
138.432	-10.28	-365.2
138.464	-10.11	-365.2
138.496	-10.07	-365
138.544	-10.07	-365.4
138.576	-9.799	-365.4
138.608	-9.383	-365.9
138.64	-7.776	-369.6
138.672	-6.176	-373.5
138.704	-5.813	-372.7
138.736	-4.073	-365.8
138.768	-3.175	-366.8
138.8	-1.638	-366.4
138.832	-0.484	-365.8
138.864	1.068	-364.7
138.896	1.95	-364.5
138.928	2.597	-364.9
138.976	2.625	-365.3
139.008	3.708	-365.7
139.04	4.135	-365.6
139.072	4.38	-365.4
139.104	4.243	-365.4
139.136	4.139	-365.5
139.168	3.754	-365.7
139.2	3.476	-365.5
139.232	2.736	-365.6
139.264	1.435	-365.6
139.296	-1.76E-02	-365.4
139.328	-1.14	-366
139.376	-3.648	-369.4
139.408	-4.594	-366.6
139.44	-5.666	-366.6
139.472	-6.676	-366.2
139.504	-8.345	-366.6
139.536	-8.99	-366.6
139.568	-9.647	-366
139.6	-10.31	-365.9
139.632	-10.37	-366
139.664	-10.3	-365.7
139.696	-10.1	-365.7
139.728	-9.967	-365.4
139.76	-9.778	-365.5
139.808	-9.19	-365.5
139.84	-7.808	-372
139.872	-6.531	-372.6
139.904	-5.605	-365.8
139.936	-3.868	-364.9
139.968	-2.647	-365.4
140	-2.031	-366
140.032	0.119	-366
140.064	0.686	-366.7
140.096	1.808	-366.5
140.128	3.221	-366.4
140.16	3.382	-366.4
140.208	3.483	-366.3
140.24	3.449	-366.3
140.272	3.268	-366.3
140.304	3.366	-366.2
140.336	3.034	-366.3
140.368	2.841	-366.3
140.4	2.154	-366.1
140.432	1.843	-366.3
140.464	-5.33E-02	-366.7
140.496	-1.237	-366.4
140.528	-2.193	-365.5
140.56	-2.78	-365.2
140.592	-4.063	-365.2
140.64	-6.357	-363.9
140.672	-6.738	-364.6
140.704	-7.458	-364.7
140.736	-8.087	-364.5
140.768	-8.875	-364.3
140.8	-9.154	-364.3
140.832	-9.309	-364.2
140.864	-9.123	-364.3
140.896	-8.952	-364.3
140.928	-8.521	-364.5
140.96	-8.582	-364.1
140.992	-8.238	-364.3
141.04	-7.084	-364.3
141.072	-5.957	-364.4
141.104	-4.333	-367.3
141.136	-2.005	-364.3
141.168	-1.297	-364.6
141.2	-0.272	-364.3
141.232	1.368	-364.3
141.264	1.466	-364.4
141.296	2.148	-364.9
141.328	2.317	-364.6
141.36	2.718	-364.7
141.392	3.307	-364.6
141.44	3.626	-364.8
141.472	3.925	-364.5
141.504	4.063	-364.7
141.536	3.794	-364.6
141.568	3.443	-364.6
141.6	2.496	-364.7
141.632	1.647	-364.6
141.664	1.131	-364.7
141.696	-0.346	-364.4
141.728	-0.957	-364.2
141.76	-2.703	-364.6
141.792	-5.005	-364.3
141.824	-5.32	-364.3
141.872	-5.912	-364.2
141.904	-7.046	-364.2
141.936	-7.443	-364.5
141.968	-8.181	-364.3
142	-8.234	-364.4
142.032	-8.156	-364.3
142.064	-8.004	-363.8
142.096	-7.962	-363.8
142.128	-7.61	-363.5
142.16	-7.629	-363.6
142.192	-6.61	-363.4
142.224	-5.356	-363.3
142.272	-4.43	-363.6
142.304	-3.142	-363.8
142.336	-2.145	-363.8
142.368	-1.494	-363.6
142.4	0.556	-363.4
142.432	0.657	-363.8
142.464	1.665	-363.7
142.496	2.409	-363.7
142.528	2.834	-363.8
142.56	3.479	-363.7
142.592	3.392	-363.7
142.624	3.502	-363.6
142.656	3.363	-363.5
142.704	3.198	-363.8
142.736	2.761	-363.6
142.768	2.646	-363.7
142.8	1.503	-364.3
142.832	0.814	-364.4
142.864	0.167	-364.6
142.896	-0.67	-365.4
142.928	-2.23	-365.3
142.96	-3.933	-365.4
142.992	-5.205	-365.3
143.024	-5.819	-365.4
143.056	-6.71	-365.2
143.104	-7.733	-365.5
143.136	-8.815	-365.1
143.168	-9.029	-365.3
143.2	-9.011	-365.3
143.232	-9.158	-365.5
143.264	-8.918	-365.4
143.296	-8.756	-365.1
143.328	-8.798	-365.2
143.36	-8.521	-365.2
143.392	-8.076	-365.6
143.424	-6.293	-367.1
143.456	-4.251	-367.2
143.488	-3.759	-367
143.536	-2.648	-363.8
143.568	-1.02	-365
143.6	-0.758	-365.7
143.632	0.251	-365
143.664	0.817	-365.5
143.696	1.736	-365
143.728	2.231	-365.3
143.76	2.451	-365.4
143.792	2.544	-365.5
143.824	2.595	-365.5
143.856	2.357	-365.5
143.888	2.149	-365.6
143.936	1.862	-366.1
143.968	1.648	-366.4
144	0.904	-366.3
144.032	-1.091	-367.2
144.064	-1.516	-367.5
144.096	-2.547	-366.2
144.128	-3.852	-365.8
144.16	-5.066	-365.6
144.192	-6.061	-365.5
144.224	-6.797	-365.5
144.256	-7.869	-365.2
144.288	-8.585	-365.3
144.336	-8.95	-365.6
144.368	-9.259	-365.6
144.4	-9.318	-364.9
144.432	-9.051	-365.2
144.464	-8.933	-365.1
144.496	-8.936	-365.4
144.528	-8.934	-365.4
144.56	-8.066	-365.6
144.592	-7.142	-365.6
144.624	-6.1	-365.4
144.656	-3.692	-365.4
144.688	-3.556	-365.3
144.72	-3.175	-365.1
144.768	-0.987	-365.2
144.8	-0.122	-365.5
144.832	0.834	-365.3
144.864	2.228	-365.6
144.896	2.465	-365.5
144.928	2.388	-365.8
144.96	2.387	-365.6
144.992	2.337	-365.5
145.024	2.263	-365.4
145.056	2.17	-365.3
145.088	2.119	-365.7
145.12	1.48	-365.5
145.168	0.874	-365.7
145.2	0.148	-365.7
145.232	-0.183	-365.6
145.264	-0.779	-365.6
145.296	-2.987	-365.1
145.328	-3.837	-365.5
145.36	-4.487	-365.6
145.392	-6.556	-365.8
145.424	-7.418	-365.5
145.456	-8.09	-365.2
145.488	-8.338	-364.8
145.52	-8.55	-364.6
145.552	-8.926	-364.3
145.6	-9.189	-364.3
145.632	-8.993	-364.2
145.664	-8.762	-364.2
145.696	-8.667	-364.2
145.728	-8.695	-363.7
145.76	-8.363	-363.5
145.792	-7.097	-363.9
145.824	-6.318	-364.1
145.856	-5.35	-364.5
145.888	-3.136	-363.9
145.92	-2.482	-363.6
145.952	-1.918	-363.6
146	-1.676	-363.7
146.032	-1.311	-363.7
146.064	0.328	-363.7
146.096	0.491	-363.8
146.128	0.737	-363.7
146.16	1.13	-363.7
146.192	1.115	-363.8
146.224	1.113	-363.7
146.256	1.121	-363.6
146.288	0.792	-363.7
146.32	0.835	-363.6
146.352	0.624	-363.6
146.384	0.156	-363.8
146.432	-0.299	-363.7
146.464	-1.973	-363.6
146.496	-2.641	-363.7
146.528	-3.981	-363.4
146.56	-5.196	-363.4
146.592	-6.078	-363.3
146.624	-6.321	-363.3
146.656	-7.016	-363.4
146.688	-7.36	-363.3
146.72	-7.331	-363.3
146.752	-7.195	-363.4
146.784	-7.056	-363.3
146.832	-6.947	-363.5
146.864	-6.894	-363.3
146.896	-6.793	-363.5
146.928	-6.689	-364.3
146.96	-4.853	-366.3
146.992	-4.458	-366.8
147.024	-3.946	-366.1
147.056	-2.918	-365.8
147.088	-1.915	-365.5
147.12	-1.033	-365
147.152	-0.374	-365.3
147.184	0.794	-365.1
147.216	1.292	-365.4
147.264	1.881	-365.6
147.296	2.785	-365.5
147.328	3.163	-365.3
147.36	3.263	-365.5
147.392	3.308	-365.6
147.424	3.087	-365.5
147.456	2.906	-365.5
147.488	2.689	-365.5
147.52	2.582	-365.7
147.552	1.625	-365.5
147.584	0.67	-364.9
147.616	-1.734	-365.7
147.664	-2.076	-365.7
147.696	-2.562	-365.5
147.728	-3.25	-365.4
147.76	-3.822	-365.6
147.792	-6.048	-365.6
147.824	-6.019	-365.3
147.856	-6.38	-365.2
147.888	-6.431	-365.3
147.92	-6.977	-364.7
147.952	-7.232	-364.3
147.984	-7.035	-364.4
148.016	-6.994	-364.3
148.064	-6.688	-364.1
148.096	-6.714	-364.2
148.128	-6.538	-364.4
148.16	-5.934	-364.5
148.192	-4.248	-364.5
148.224	-3.657	-364.2
148.256	-3.343	-364.4
148.288	-1.839	-364.7
148.32	-0.951	-364.5
148.352	0.538	-364.3
148.384	0.613	-364.4
148.416	1.3	-364.3
148.448	1.501	-364.6
148.496	1.482	-364.6
148.528	1.572	-364.6
148.56	1.493	-364.4
148.592	1.454	-364.4
148.624	1.228	-364.6
148.656	1.051	-364.6
148.688	0.713	-364.5
148.72	0.26	-364.6
148.752	-0.239	-364.7
148.784	-0.364	-364.7
148.816	-1.698	-364.7
148.848	-2.742	-364.5
148.896	-3.36	-364.4
148.928	-4.244	-364.3
148.96	-5.042	-364.7
148.992	-5.356	-364.4
149.024	-5.679	-364.3
149.056	-6.301	-364.2
149.088	-6.278	-363.9
149.12	-6.477	-364.3
149.152	-6.93	-364.1
149.184	-6.913	-364.2
149.216	-6.819	-364.1
149.248	-6.77	-364.3
149.28	-6.618	-364.4
149.328	-6.076	-364.3
149.36	-4.922	-364.2
149.392	-4.065	-364.4
149.424	-3.145	-364.4
149.456	-2.601	-364.8
149.488	-1.292	-364.1
149.52	0.148	-364.7
149.552	0.533	-364.3
149.584	0.696	-364.5
149.616	1.439	-364.5
149.648	1.444	-364.4
149.68	1.677	-364
149.728	2.412	-364
149.76	2.233	-364.2
149.792	2.223	-364.7
149.824	2.075	-364.7
149.856	1.838	-364.6
149.888	1.731	-364.6
149.92	1.052	-364.6
149.952	0.74	-364.6
149.984	-0.9	-364.7
150.016	-1.649	-364.5
150.048	-2.919	-364.7
150.08	-4.045	-364.5
150.112	-4.332	-364.5
150.16	-4.977	-364.2
150.192	-5.602	-363.8
150.224	-6.182	-363.7
150.256	-6.282	-363.5
150.288	-6.637	-363.6
150.32	-6.878	-363.5
150.352	-6.923	-363.4
150.384	-6.924	-363.4
150.416	-6.957	-363.3
150.448	-6.691	-363.4
150.48	-6.27	-363.4
150.512	-5.696	-363.3
150.56	-5.366	-363.8
150.592	-4.754	-364
150.624	-2.957	-363.4
150.656	-1.875	-364.1
150.688	-1.1	-364
150.72	-0.588	-364.6
150.752	-0.4	-364.5
150.784	-5.42E-02	-364.3
150.816	0.233	-364.4
150.848	0.405	-364.4
150.88	0.59	-364.4
150.912	1.326	-366.1
150.944	1.171	-366.4
150.992	0.946	-366.3
151.024	0.885	-366.4
151.056	0.776	-366.3
151.088	0.621	-366.2
151.12	0.676	-366.5
151.152	-0.301	-366.4
151.184	-1.085	-366
151.216	-1.473	-366.3
151.248	-2.907	-366
151.28	-3.578	-366.5
151.312	-4.557	-366.3
151.344	-5.874	-366.4
151.392	-6.277	-365.9
151.424	-6.451	-365.5
151.456	-7.257	-365.4
151.488	-7.277	-365.2
151.52	-7.269	-365.1
151.552	-6.965	-365.3
151.584	-6.915	-365.2
151.616	-6.807	-365.2
151.648	-6.48	-365.1
151.68	-6.269	-365.2
151.712	-5.138	-365.3
151.744	-4.786	-365.3
151.792	-3.817	-365.4
151.824	-3.464	-365.4
151.856	-1.92	-365.8
151.888	-1.422	-365.4
151.92	-1.347	-365.6
151.952	-0.771	-365.7
151.984	-0.361	-365.6
152.016	0.798	-365.6
152.048	1.174	-365.6
152.08	1.46	-365.6
152.112	1.266	-365.6
152.144	1.24	-365.3
152.176	1.126	-365.3
152.224	0.864	-365.3
152.256	0.68	-365.5
152.288	0.784	-365.5
152.32	0.177	-365.3
152.352	-1.116	-365.9
152.384	-1.619	-366.3
152.416	-2.205	-366.4
152.448	-2.859	-366.5
152.48	-3.644	-366.5
152.512	-4.38	-366.1
152.544	-4.582	-366.5
152.576	-5.454	-365.9
152.624	-6.135	-365.7
152.656	-6.343	-365.3
152.688	-6.242	-365.3
152.72	-6.093	-365.1
152.752	-6.138	-365
152.784	-5.915	-364.9
152.816	-5.686	-365.3
152.848	-5.316	-365.1
152.88	-4.558	-365.2
152.912	-4.537	-365.2
152.944	-3.748	-365.1
152.976	-2.758	-363.9
153.008	-2.251	-363.5
153.056	-1.106	-363.6
153.088	-0.56	-363.8
153.12	-0.159	-363.7
153.152	0.763	-363.5
153.184	1.147	-363.7
153.216	1.701	-363.7
153.248	2.174	-363.7
153.28	2.282	-363.7
153.312	2.268	-363.8
153.344	2.132	-363.8
153.376	1.974	-363.8
153.408	1.705	-363.8
153.456	1.381	-363.6
153.488	0.779	-363.5
153.52	0.29	-363.6
153.552	-0.351	-363.6
153.584	-1.115	-363.6
153.616	-2.23	-363.2
153.648	-2.841	-363.5
153.68	-3.29	-363.6
153.712	-3.898	-363.6
153.744	-4.308	-363.5
153.776	-4.708	-363.4
153.808	-5.177	-363.4
153.84	-5.311	-363.4
153.888	-5.145	-363.4
153.92	-4.972	-363.5
153.952	-4.878	-363.6
153.984	-4.813	-363.4
154.016	-4.633	-363.3
154.048	-4.457	-363.3
154.08	-4.387	-363.4
154.112	-2.693	-363.2
154.144	-2.339	-363.8
154.176	-1.585	-363.5
154.208	-0.99	-364.4
154.24	-0.101	-364.4
154.288	0.352	-364.5
154.32	0.673	-364.4
154.352	1.287	-364.7
154.384	1.662	-364.4
154.416	2.238	-364.3
154.448	2.475	-364.6
154.48	2.068	-364.5
154.512	2.19	-364.5
154.544	2.292	-363.9
154.576	1.961	-364.8
154.608	1.748	-364.7
154.64	1.654	-364.6
154.672	1.203	-364.7
154.72	0.284	-364.6
154.752	-0.811	-364.3
154.784	-2.014	-364.4
154.816	-2.648	-364.4
154.848	-3.478	-364.4
154.88	-4.25	-364.3
154.912	-4.502	-364.4
154.944	-5.109	-364.4
154.976	-5.421	-364.2
155.008	-6.009	-364.2
155.04	-6.101	-364.3
155.072	-6.173	-364.4
155.12	-6.132	-364.3
155.152	-5.92	-364.4
155.184	-5.906	-364.4
155.216	-5.701	-364.8
155.248	-5.34	-364.6
155.28	-4.692	-364.4
155.312	-3.842	-364.2
155.344	-3.019	-364.2
155.376	-2.36	-364.5
155.408	-1.684	-364.4
155.44	-1.275	-364.6
155.472	-0.246	-364.7
155.52	0.736	-364.3
155.552	1.179	-364.7
155.584	1.402	-364.4
155.616	1.347	-364.3
155.648	1.285	-364.4
155.68	1.266	-364.5
155.712	1.127	-364.5
155.744	0.923	-364.6
155.776	0.947	-364.4
155.808	0.853	-364.5
155.84	0.512	-364.6
155.872	-0.239	-364.6
155.904	-0.744	-364.6
155.952	-1.312	-364.5
155.984	-2.224	-364.4
156.016	-2.676	-364.3
156.048	-3.15	-364.4
156.08	-4.05	-364.7
156.112	-4.534	-364.5
156.144	-5.336	-364.1
156.176	-5.294	-364.2
156.208	-5.226	-364.3
156.24	-5.268	-364.4
156.272	-5.089	-364.2
156.304	-5.086	-364.3
156.352	-4.783	-364.5
156.384	-4.805	-364.4
156.416	-4.586	-364.3
156.448	-4.448	-364.4
156.48	-2.917	-365.1
156.512	-2.688	-365
156.544	-2.513	-365.4
156.576	-2.256	-365.3
156.608	-1.506	-365.8
156.64	-0.859	-365.7
156.672	-0.292	-365.4
156.704	0.342	-365.2
156.736	0.568	-365.4
156.784	0.938	-365
156.816	1.101	-365.3
156.848	1.134	-365.5
156.88	1.132	-365.6
156.912	1.001	-365.1
156.944	0.706	-365.2
156.976	0.871	-365.4
157.008	0.688	-365.4
157.04	0.659	-365.4
157.072	0.309	-365.5
157.104	-0.286	-365.4
157.136	-1.166	-365.6
157.184	-2.161	-365.8
157.216	-2.324	-365.6
157.248	-2.909	-365.3
157.28	-3.384	-365.6
157.312	-3.736	-364.8
157.344	-4.31	-364.6
157.376	-4.24	-364
157.408	-4.277	-364
157.44	-4.123	-364.1
157.472	-4.023	-364.1
157.504	-3.93	-364.3
157.536	-3.885	-364
157.568	-3.746	-364.2
157.616	-3.757	-364.3
157.648	-3.461	-364.5
157.68	-2.994	-364.4
157.712	-1.838	-364.2
157.744	-1.255	-364.4
157.776	-0.785	-364.3
157.808	-0.377	-364.2
157.84	0.431	-364.4
157.872	0.779	-364.7
157.904	1.303	-364.1
157.936	1.455	-364.2
157.968	1.341	-364.2
158.016	1.327	-364.4
158.048	1.107	-364.3
158.08	1.06	-364.4
158.112	1.055	-364.4
158.144	0.856	-364.6
158.176	0.692	-364.7
158.208	0.74	-364.6
158.24	0.298	-364.8
158.272	-0.169	-364.4
158.304	-0.497	-364.7
158.336	-1.428	-364.6
158.368	-2.327	-364.5
158.4	-2.869	-364.6
158.448	-3.323	-364.3
158.48	-3.726	-364.5
158.512	-4.192	-364.3
158.544	-4.388	-364.2
158.576	-4.268	-364.1
158.608	-4.108	-364.3
158.64	-4.037	-364.3
158.672	-4.09	-364.1
158.704	-3.963	-364.1
158.736	-3.784	-364.5
158.768	-3.588	-364.2
158.8	-3.131	-364.2
158.848	-2.712	-364.2
158.88	-1.717	-364.3
158.912	-1.418	-364.4
158.944	-1.396	-364.4
158.976	-1.258	-364.5
159.008	-0.411	-364.3
159.04	-0.403	-364.4
159.072	-0.234	-364.7
159.104	0.253	-364.7
159.136	0.385	-364.5
159.168	0.558	-364.6
159.2	0.385	-364.5
159.248	0.29	-364.5
159.28	9.61E-02	-364.6
159.312	0.151	-364.5
159.344	-7.08E-02	-364.5
159.376	-0.343	-364.6
159.408	-0.26	-364.6
159.44	-0.548	-364.5
159.472	-1.587	-364.5
159.504	-2.34	-364.3
159.536	-2.79	-364.5
159.568	-3.232	-364.5
159.6	-3.697	-364.5
159.632	-4.427	-364.5
159.68	-5.61	-364.6
159.712	-6.284	-364.4
159.744	-6.199	-364.5
159.776	-6.128	-364.3
159.808	-6.039	-364.3
159.84	-5.992	-364.3
159.872	-5.925	-364.5
159.904	-5.941	-364.4
159.936	-5.75	-364.4
159.968	-5.567	-364.4
160	-5.382	-364.6
160.032	-4.236	-364.4
160.08	-3.394	-364.2
160.112	-2.767	-364.5
160.144	-2.474	-364.5
160.176	-2.328	-364.6
160.208	-1.462	-364.7
160.24	-0.793	-364.3
160.272	-0.426	-364.1
160.304	-0.671	-364.1
160.336	-0.796	-364.4
160.368	-0.836	-364.4
160.4	-0.778	-364.4
160.432	-0.793	-364.6
160.464	-0.947	-364.3
160.512	-0.965	-364.4
160.544	-1.208	-364.4
160.576	-1.471	-364.5
160.608	-2.105	-364.6
160.64	-2.218	-364.5
160.672	-2.361	-364.4
160.704	-2.822	-364.5
160.736	-3.435	-364.5
160.768	-4.517	-364.5
160.8	-5.207	-364.4
160.832	-5.559	-364.4
160.864	-6.125	-364.5
160.912	-6.237	-364.1
160.944	-6.53	-364.2
160.976	-6.828	-364.2
161.008	-6.994	-364
161.04	-6.972	-364.2
161.072	-6.778	-364.3
161.104	-6.821	-364.3
161.136	-6.514	-364.6
161.168	-6.654	-363.9
161.2	-6.637	-363.9
161.232	-6.342	-364.6
161.264	-5.167	-364.9
161.296	-4.475	-366
161.344	-4.022	-365
161.376	-3.584	-364.2
161.408	-3.696	-363.9
161.44	-3.603	-363.7
161.472	-3.413	-363.7
161.504	-3.327	-363.7
161.536	-2.786	-363.7
161.568	-2.53	-364.1
161.6	-2.583	-364.5
161.632	-2.853	-364.8
161.664	-3.015	-364.1
161.696	-3.002	-364.6
161.744	-3.073	-364.8
161.776	-3.231	-364.5
161.808	-3.177	-364.5
161.84	-3.452	-364.5
161.872	-4.135	-364.5
161.904	-4.604	-364.6
161.936	-5.452	-364.6
161.968	-6.234	-364.7
162	-6.341	-364.7
162.032	-6.585	-364.8
162.064	-7.232	-364.2
162.096	-7.321	-364.5
162.128	-7.344	-364.1
162.176	-7.168	-364.2
162.208	-6.94	-364.4
162.24	-6.881	-364.4
162.272	-6.821	-364.2
162.304	-6.908	-364.4
162.336	-5.993	-364.1
162.368	-5.934	-364.2
162.4	-5.394	-364
162.432	-5.403	-364.3
162.464	-5.004	-364.5
162.496	-4.09	-364.2
162.528	-3.903	-364.5
162.576	-3.303	-364.7
162.608	-2.413	-364.5
162.64	-2.68	-364.6
162.672	-2.335	-364.5
162.704	-1.715	-364.6
162.736	-1.79	-364.5
162.768	-1.744	-364.5
162.8	-1.822	-364.4
162.832	-1.977	-364.5
162.864	-1.93	-364.6
162.896	-2.074	-364.3
162.928	-2.052	-364.5
162.976	-2.253	-364.5
163.008	-2.268	-364.5
163.04	-2.37	-364.4
163.072	-2.66	-364.5
163.104	-3.134	-364.4
163.136	-3.593	-364.5
163.168	-4.251	-364.6
163.2	-4.349	-364.3
163.232	-4.413	-364.3
163.264	-5.114	-364.4
163.296	-5.196	-364.4
163.328	-5.111	-364.4
163.36	-5.061	-364.3
163.408	-5.015	-364.3
163.44	-4.891	-364.4
163.472	-4.892	-364.4
163.504	-4.836	-364.2
163.536	-4.726	-364.3
163.568	-4.477	-364.4
163.6	-4.403	-364.4
163.632	-3.434	-362.8
163.664	-3.148	-363.6
163.696	-2.717	-363.4
163.728	-2.327	-363.5
163.76	-1.888	-363.5
163.808	-1.809	-363.7
163.84	-1.639	-363.7
163.872	-1.43	-363.8
163.904	-1.522	-363.7
163.936	-1.639	-363.7
163.968	-1.653	-363.7
164	-1.867	-363.7
164.032	-2	-363.6
164.064	-1.968	-363.7
164.096	-2.148	-363.5
164.128	-2.177	-363.6
164.16	-2.246	-363.7
164.192	-2.293	-363.7
164.24	-2.315	-363.6
164.272	-2.372	-363.5
164.304	-2.53	-363.5
164.336	-3.335	-363.5
164.368	-3.753	-363.5
164.4	-4.087	-363.5
164.432	-4.622	-363.4
164.464	-5.136	-363.5
164.496	-5.259	-363.6
164.528	-5.161	-363.6
164.56	-5.012	-363.7
164.592	-4.941	-363.3
164.64	-4.806	-363.1
164.672	-4.829	-363.4
164.704	-4.778	-363.4
164.736	-4.322	-363.6
164.768	-4.016	-363.8
164.8	-3.473	-363.7
164.832	-3	-363.5
164.864	-2.643	-363.5
164.896	-2.437	-363.5
164.928	-2.312	-363.6
164.96	-1.694	-363.5
164.992	-1.774	-363.4
165.024	-1.204	-363.6
165.072	-0.568	-363.7
165.104	-0.735	-363.7
165.136	-0.816	-363.5
165.168	-0.818	-363.5
165.2	-0.79	-363.5
165.232	-0.883	-363.6
165.264	-0.957	-363.7
165.296	-1.015	-363.7
165.328	-1.357	-363.6
165.36	-1.375	-363.7
165.392	-1.474	-363.6
165.424	-2.408	-363.6
165.472	-3.019	-363.6
165.504	-3.379	-363.5
165.536	-3.623	-363.6
165.568	-4.2	-363.6
165.6	-4.142	-363.5
165.632	-4.377	-363.5
165.664	-4.276	-363.3
165.696	-4.267	-363.2
165.728	-4.124	-363.3
165.76	-3.996	-363.4
165.792	-3.996	-363.4
165.824	-3.782	-363.4
165.872	-3.716	-363.3
165.904	-3.272	-363.4
165.936	-2.743	-362.8
165.968	-2.492	-362.9
166	-2.645	-363.4
166.032	-2.199	-363.5
166.064	-1.66	-363.8
166.096	-1.427	-363.8
166.128	-1.325	-363.7
166.16	-0.821	-363.7
166.192	-0.35	-363.6
166.224	-2.30E-02	-363.7
166.256	0.241	-363.7
166.304	0.33	-363.7
166.336	0.219	-363.7
166.368	0.219	-363.7
166.4	-2.61E-02	-363.6
166.432	-0.131	-363.7
166.464	-0.215	-363.7
166.496	-0.205	-363.7
166.528	-0.353	-363.6
166.56	-0.404	-363.6
166.592	-1.305	-363.5
166.624	-1.414	-363.6
166.656	-2.32	-363.4
166.704	-2.363	-363.4
166.736	-2.498	-363.6
166.768	-3.049	-363.5
166.8	-3.243	-363.4
166.832	-3.368	-363.4
166.864	-3.228	-363.4
166.896	-3.187	-363.4
166.928	-3.088	-363.5
166.96	-3.007	-363.4
166.992	-2.942	-363.2
167.024	-2.771	-363.4
167.056	-2.522	-363.4
167.088	-2.627	-363.4
167.136	-2.612	-363.5
167.168	-2.268	-363.4
167.2	-1.745	-363.4
167.232	-1.423	-363.4
167.264	-1.12	-363.7
167.296	-0.749	-363.6
167.328	-0.383	-363.6
167.36	-8.37E-02	-363.5
167.392	0.238	-363.5
167.424	0.296	-363.6
167.456	0.301	-363.7
167.488	0.19	-363.7
167.536	9.06E-02	-363.7
167.568	9.58E-02	-363.7
167.6	-8.12E-02	-363.7
167.632	-5.86E-02	-363.6
167.664	-0.228	-363.5
167.696	-0.306	-363.5
167.728	-0.534	-363.6
167.76	-1.058	-363.6
167.792	-1.505	-363.8
167.824	-2.148	-363.5
167.856	-2.452	-363.6
167.888	-3.177	-363.8
167.92	-3.331	-363.6
167.968	-3.446	-363.5
168	-3.943	-363.6
168.032	-4.138	-363.5
168.064	-4.261	-363.4
168.096	-4.279	-363.3
168.128	-3.971	-363.5
168.16	-3.994	-363.6
168.192	-3.772	-363.6
168.224	-3.679	-363.4
168.256	-3.699	-363.2
168.288	-3.645	-363.1
168.32	-3.688	-363.4
168.368	-3.332	-364.1
168.4	-2.864	-364.4
168.432	-2.128	-363.7
168.464	-1.949	-363.6
168.496	-1.666	-363.3
168.528	-1.634	-363.6
168.56	-1.383	-363.8
168.592	-0.797	-363.8
168.624	-0.642	-363.7
168.656	-0.637	-363.7
168.688	-0.693	-363.7
168.72	-0.818	-363.6
168.752	-0.978	-363.8
168.8	-0.97	-363.6
168.832	-1.11	-363.6
168.864	-1.085	-363.7
168.896	-1.296	-363.6
168.928	-1.313	-363.6
168.96	-1.596	-363.4
168.992	-2.069	-363.3
169.024	-2.287	-363.3
169.056	-2.481	-363.6
169.088	-3.074	-363.5
169.12	-3.293	-363.3
169.152	-3.319	-363.5
169.2	-3.285	-363.5
169.232	-3.376	-363.4
169.264	-3.379	-363.3
169.296	-3.036	-363.3
169.328	-2.948	-363.2
169.36	-2.785	-363.1
169.392	-2.785	-363.1
169.424	-2.815	-363.2
169.456	-2.68	-363.7
169.488	-2.409	-363.5
169.52	-2.459	-363.5
169.552	-2.608	-363.6
169.6	-2.322	-363.4
169.632	-1.681	-363.8
169.664	-1.42	-363.5
169.696	-1.595	-363.7
169.728	-1.631	-363.6
169.76	-1.537	-363.7
169.792	-1.545	-363.7
169.824	-1.69	-363.7
169.856	-1.677	-363.7
169.888	-1.725	-363.8
169.92	-1.739	-363.7
169.952	-1.976	-363.7
169.984	-1.937	-363.6
170.032	-1.956	-363.7
170.064	-2.184	-363.7
170.096	-2.136	-363.7
170.128	-2.304	-363.6
170.16	-2.616	-363.7
170.192	-3.136	-363.7
170.224	-3.328	-363.4
170.256	-3.296	-363.4
170.288	-3.387	-363.2
170.32	-3.265	-363.5
170.352	-3.332	-363.3
170.384	-3.047	-363.5
170.432	-3.109	-363.4
170.464	-3.104	-363.4
170.496	-3.112	-363.3
170.528	-2.85	-363.2
170.56	-2.926	-363.2
170.592	-2.832	-363
170.624	-2.788	-363.4
170.656	-2.729	-363.6
170.688	-2.319	-363.6
170.72	-1.98	-363.4
170.752	-1.729	-363.7
170.784	-1.348	-363.6
170.816	-0.865	-363.3
170.864	-0.581	-363.5
170.896	-0.137	-363.6
170.928	4.79E-02	-363.7
170.96	0.233	-363.6
170.992	0.217	-363.9
171.024	0.154	-363.6
171.056	0.184	-363.7
171.088	0.175	-363.5
171.12	-1.39E-02	-363.6
171.152	-0.127	-363.5
171.184	-0.124	-363.7
171.216	-0.167	-363.7
171.264	-0.344	-363.5
171.296	-0.483	-363.4
171.328	-1.204	-363.6
171.36	-1.264	-363.8
171.392	-1.31	-363.5
171.424	-1.476	-363.5
171.456	-2.058	-363.7
171.488	-2.228	-363.5
171.52	-2.357	-363.3
171.552	-2.225	-363.3
171.584	-2.182	-363.3
171.616	-2.075	-363.4
171.648	-1.991	-363.2
171.696	-1.966	-363.4
171.728	-1.885	-363.4
171.76	-1.939	-363.3
171.792	-1.841	-363.3
171.824	-1.703	-363.2
171.856	-1.612	-363.2
171.888	-1.615	-363.2
171.92	-1.505	-363.4
171.952	-1.589	-363.5
171.984	-1.113	-363.5
172.016	-0.785	-363.5
172.048	-0.525	-363.6
172.096	-0.672	-363.5
172.128	-0.749	-363.7
172.16	-0.691	-363.7
172.192	-0.775	-363.7
172.224	-0.83	-363.6
172.256	-0.983	-363.5
172.288	-1.058	-363.7
172.32	-1.02	-363.6
172.352	-0.975	-363.6
172.384	-0.993	-363.7
172.416	-1.035	-363.6
172.448	-1.179	-363.6
172.48	-1.263	-363.6
172.528	-1.259	-363.5
172.56	-1.362	-363.6
172.592	-1.621	-363.5
172.624	-2.136	-363.4
172.656	-2.267	-363.4
172.688	-2.325	-363.3
172.72	-2.298	-363.4
172.752	-2.106	-363.4
172.784	-2.238	-363.2
172.816	-2.14	-363.4
172.848	-1.966	-363.3
172.88	-1.916	-363.5
172.928	-1.849	-363.4
172.96	-1.855	-363.4
172.992	-1.807	-363.4
173.024	-1.496	-363.4
173.056	-1.664	-363.6
173.088	-1.43	-363.6
173.12	-1.371	-363.5
173.152	-0.712	-363.6
173.184	-0.681	-363.5
173.216	-0.567	-363.5
173.248	-0.476	-363.8
173.28	-0.477	-363.7
173.328	-0.636	-363.7
173.36	-0.672	-363.8
173.392	-0.73	-363.8
173.424	-0.862	-363.7
173.456	-0.986	-363.7
173.488	-0.979	-363.7
173.52	-1.138	-363.6
173.552	-1.158	-363.7
173.584	-1.221	-363.8
173.616	-1.328	-363.7
173.648	-1.235	-363.6
173.68	-1.329	-363.5
173.712	-1.472	-363.7
173.76	-2.071	-363.5
173.792	-2.194	-363.6
173.824	-2.338	-363.6
173.856	-2.376	-363.5
173.888	-2.324	-363.7
173.92	-2.166	-363.5
173.952	-2.201	-363.4
173.984	-2.097	-363.2
174.016	-2.09	-363.2
174.048	-2.061	-363
174.08	-1.897	-363.2
174.112	-1.91	-363.4
174.16	-1.824	-363.4
174.192	-1.654	-363.3
174.224	-1.519	-363.4
174.256	-1.489	-363.4
174.288	-1.664	-363.5
174.32	-1.395	-363.3
174.352	-1.482	-363.2
174.384	-1.549	-363.4
174.416	-1.722	-363.4
174.448	-1.556	-363.7
174.48	-1.675	-363.7
174.512	-1.708	-363.8
174.544	-1.683	-363.6
174.592	-1.657	-363.7
174.624	-1.821	-363.6
174.656	-1.879	-363.7
174.688	-1.878	-363.5
174.72	-1.976	-363.6
174.752	-2.159	-363.7
174.784	-2.234	-363.6
174.816	-2.311	-363.5
174.848	-2.212	-363.6
174.88	-2.249	-363.4
174.912	-2.299	-363.4
174.944	-2.376	-363.4
174.992	-2.291	-363.4
175.024	-2.292	-363.4
175.056	-2.4	-363.4
175.088	-3.11	-363.4
175.12	-3.119	-363.4
175.152	-3.087	-363.4
175.184	-3.081	-363.5
175.216	-3.032	-363.2
175.248	-2.997	-363.3
175.28	-2.931	-363.4
175.312	-2.87	-363.4
175.344	-2.711	-363.6
175.376	-2.607	-363.6
175.425	-2.77	-363.5
175.456	-2.759	-363.6
175.488	-2.579	-363.7
175.52	-2.597	-363.9
175.552	-2.439	-364.2
175.584	-2.47	-364.4
175.616	-2.353	-364.3
175.648	-2.046	-364.3
175.68	-1.758	-364.3
175.712	-1.705	-364.5
175.744	-1.749	-364.6
175.776	-1.807	-364.5
175.824	-1.957	-364.5
175.856	-1.752	-364.4
175.888	-1.931	-364.6
175.92	-1.897	-364.7
175.952	-2.154	-364.6
175.984	-2.168	-364.6
176.016	-2.443	-364.5
176.048	-3.029	-364.4
176.08	-3.104	-364.6
176.112	-3.335	-364.3
176.144	-3.325	-364.1
176.176	-3.262	-364.2
176.208	-3.283	-364.1
176.256	-3.237	-364.3
176.288	-3.084	-364.4
176.32	-3.092	-363.9
176.352	-3.102	-364.1
176.384	-3.075	-364.1
176.416	-2.985	-364.1
176.448	-2.98	-364.3
176.48	-2.828	-364.1
176.512	-2.763	-364.3
176.544	-2.722	-364.4
176.576	-2.688	-364.2
176.608	-2.75	-364.4
176.656	-2.807	-364.2
176.688	-2.523	-364.3
176.72	-2.436	-364.3
176.752	-2.701	-364.3
176.784	-2.592	-364.3
176.816	-2.384	-364.6
176.848	-1.891	-364.5
176.88	-1.743	-364.9
176.912	-1.85	-365
176.944	-1.852	-365.3
176.976	-1.905	-365.3
177.008	-2.092	-365.5
177.056	-2.007	-365.4
177.088	-1.985	-365.3
177.12	-2.042	-365.5
177.152	-2.104	-365.4
177.184	-2.31	-365.4
177.216	-2.452	-365.5
177.248	-2.783	-365.6
177.28	-3.104	-365.4
177.312	-3.214	-365.3
177.344	-3.276	-365.2
177.376	-3.229	-365.3
177.408	-3.307	-365.2
177.44	-3.181	-365.4
177.488	-3.056	-365.3
177.52	-3.138	-365.3
177.552	-3.014	-365.3
177.584	-2.963	-365.2
177.616	-2.872	-365.2
177.648	-2.859	-365.1
177.68	-2.821	-365.1
177.712	-2.732	-365.1
177.744	-2.669	-365
177.776	-2.777	-365.3
177.808	-2.755	-365.4
177.84	-2.827	-365.7
177.888	-2.132	-365.1
177.92	-1.953	-365.2
177.952	-1.914	-365.2
177.984	-1.863	-365.1
178.016	-1.755	-365.3
178.048	-1.678	-365.2
178.08	-1.806	-365.2
178.112	-1.714	-365.4
178.144	-1.752	-365.4
178.176	-1.928	-365.5
178.208	-1.839	-365.5
178.24	-1.947	-365.4
178.272	-1.979	-365.5
178.32	-2.08	-365.4
178.352	-2.151	-365.5
178.384	-2.183	-365.4
178.416	-2.322	-365.5
178.448	-2.151	-365.5
178.48	-2.311	-365.4
178.512	-2.187	-365.3
178.544	-2.358	-365.2
178.576	-2.369	-365
178.608	-2.259	-365.2
178.64	-2.152	-365.4
178.672	-2.048	-365.3
178.72	-2.087	-365.3
178.752	-2.006	-365.3
178.784	-1.93	-365.3
178.816	-1.895	-365.3
178.848	-1.799	-364.8
178.88	-1.63	-363.9
178.912	-1.704	-363.8
178.944	-1.701	-364
178.976	-1.778	-364.2
179.008	-1.729	-364.3
179.04	-1.571	-364.2
179.072	-1.188	-364.3
179.104	-0.947	-364.5
179.152	-0.917	-364.4
179.184	-0.796	-364.4
179.216	-0.865	-364.4
179.248	-0.652	-364.6
179.28	-0.745	-364.5
179.312	-0.803	-364.6
179.344	-0.897	-364.6
179.376	-0.932	-364.6
179.408	-1.014	-364.6
179.44	-1.204	-364.5
179.472	-1.089	-364.5
179.504	-1.145	-364.5
179.552	-1.171	-364.6
179.584	-1.209	-364.5
179.616	-1.281	-364.5
179.648	-1.308	-364.5
179.68	-1.168	-364.5
179.712	-1.245	-364.5
179.744	-1.183	-364.4
179.776	-1.229	-364.2
179.808	-1.158	-364.3
179.84	-1.006	-364.3
179.872	-1.224	-364.3
179.904	-0.993	-364.6
179.936	-0.978	-364.2
179.984	-0.921	-364.3
180.016	-0.854	-364.2
180.048	-0.809	-364.3
180.08	-0.774	-364.2
180.112	-0.834	-364.2
180.144	-0.698	-364.3
180.176	-0.641	-364.2
180.208	-0.655	-364.2
180.24	-0.665	-363.8
180.272	-0.655	-363.7
180.304	-0.768	-363.8
180.336	-0.782	-363.6
180.384	-0.808	-363.7
180.416	-0.759	-363.8
180.448	-0.649	-363.7
180.48	-0.789	-363.5
180.512	-0.907	-363.8
180.544	-0.88	-363.6
180.576	-1.061	-363.7
180.608	-1.109	-363.5
180.64	-1.136	-363.7
180.672	-1.146	-363.5
180.704	-1.108	-363.5
180.736	-1.276	-363.6
180.784	-1.189	-363.5
180.816	-1.328	-363.5
180.848	-1.199	-363.4
180.88	-1.115	-363.5
180.912	-1.214	-363.4
180.944	-1.228	-363.5
180.976	-1.226	-363.5
181.008	-1.18	-363.5
181.04	-1.126	-363.6
181.072	-1.033	-363.5
181.104	-1.035	-363.4
181.136	-0.924	-363.3
181.168	-0.941	-363.4
181.216	-0.771	-363.3
181.248	-0.806	-363.4
181.28	-0.778	-363.5
181.312	-0.764	-363.4
181.344	-0.733	-363.4
181.376	-0.612	-363.4
181.408	-0.519	-363.4
181.44	-0.748	-363.5
181.472	-0.713	-363.5
181.504	-0.734	-363.5
181.536	-0.639	-363.6
181.568	-0.812	-363.5
181.616	-0.828	-363.6
181.648	-0.933	-363.6
181.68	-0.833	-363.5
181.712	-0.932	-363.7
181.744	-0.949	-363.6
181.776	-0.973	-363.7
181.808	-1.028	-363.6
181.84	-1.123	-363.6
181.872	-1.249	-363.6
181.904	-1.164	-363.6
181.936	-1.15	-363.7
181.968	-1.216	-363.5
182	-1.138	-363.5
182.048	-1.338	-363.5
182.08	-1.128	-363.5
182.112	-1.138	-363.5
182.144	-1.122	-363.5
182.176	-1.075	-363.5
182.208	-1.166	-363.4
182.24	-1.116	-363.6
182.272	-0.997	-363.4
182.304	-0.989	-363.5
182.336	-0.849	-363.5
182.368	-0.903	-363.2
182.4	-0.846	-363.3
182.448	-0.78	-363.3
182.48	-0.846	-363.3
182.512	-0.777	-363.4
182.544	-0.768	-363.2
182.576	-0.666	-363.3
182.608	-0.721	-363.5
182.64	-0.679	-363.6
182.672	-0.833	-363.5
182.704	-0.744	-363.5
182.736	-0.796	-363.7
182.768	-0.825	-363.6
182.8	-0.868	-363.6
182.832	-1.04	-363.5
182.88	-0.952	-363.8
182.912	-0.909	-363.7
182.944	-1.056	-363.5
182.976	-1.03	-363.5
183.008	-1.051	-363.6
183.04	-1.014	-363.6
183.072	-1.154	-363.7
183.104	-1.027	-363.7
183.136	-1.185	-363.6
183.168	-1.163	-363.6
183.2	-1.305	-363.6
183.232	-1.283	-363.5
183.28	-1.351	-363.5
183.312	-1.253	-363.4
183.344	-1.188	-363.4
183.376	-1.035	-363.4
183.408	-1.012	-363.4
183.44	-1.023	-363.5
183.472	-1.019	-363.5
183.504	-1.005	-363.5
183.536	-0.95	-363.5
183.568	-0.917	-363.4
183.6	-0.859	-363.4
183.632	-0.888	-363.3
183.664	-0.878	-363.4
183.712	-0.711	-363.4
183.744	-0.734	-363.4
183.776	-0.7	-363.5
183.808	-0.68	-363.5
183.84	-0.796	-363.7
183.872	-0.84	-363.9
183.904	-0.829	-363.7
183.936	-0.768	-363.7
183.968	-0.775	-363.8
184	-0.798	-363.7
184.032	-0.819	-363.7
184.064	-0.831	-363.6
184.112	-1.068	-363.6
184.144	-1.098	-363.6
184.176	-1.136	-363.5
184.208	-1.151	-363.6
184.24	-0.99	-363.6
184.272	-1.073	-363.6
184.304	-1.148	-363.6
184.336	-1.118	-363.6
184.368	-0.994	-363.6
184.4	-1.208	-363.6
184.432	-1.013	-363.5
184.464	-1.107	-363.4
184.512	-1.129	-363.2
184.544	-1.112	-363.3
184.577	-1.105	-363.5
184.608	-1.027	-363.1
184.64	-1.074	-363.4
184.672	-0.966	-363.4
184.704	-0.906	-363.3
184.736	-0.908	-363.4
184.768	-0.862	-363.5
184.8	-0.823	-363.3
184.832	-0.818	-363.3
184.864	-0.7	-363.5
184.896	-0.723	-363.5
184.944	-0.651	-363.5
184.976	-0.711	-363.5
185.008	-0.745	-363.5
185.04	-0.741	-363.7
185.072	-0.826	-363.7
185.104	-0.845	-363.6
185.136	-0.932	-363.8
185.168	-0.849	-363.7
185.2	-0.879	-363.6
185.232	-0.919	-363.6
185.264	-0.928	-363.6
185.296	-1.03	-363.6
185.344	-1.045	-363.7
185.376	-1.065	-363.5
185.408	-1.096	-363.6
185.44	-1.087	-363.6
185.472	-1.102	-363.6
185.504	-1.169	-363.5
185.536	-1.176	-363.6
185.568	-1.331	-363.6
185.6	-1.212	-363.5
185.632	-1.196	-363.3
185.664	-1.148	-363.3
185.696	-1.092	-363.3
185.728	-1.081	-363.4
185.776	-1.079	-363.3
185.808	-1.01	-363.4
185.84	-0.887	-363.4
185.872	-0.966	-363.5
185.904	-0.936	-363.5
185.936	-0.978	-363.5
185.968	-0.883	-363.4
186	-0.841	-363.5
186.032	-0.767	-363.5
186.064	-0.764	-363.4
186.096	-0.637	-363.4
186.128	-0.692	-362.9
186.176	-0.854	-363.3
186.208	-0.799	-363.5
186.24	-0.742	-363.8
186.272	-0.713	-363.6
186.304	-0.88	-363.7
186.336	-0.826	-363.5
186.368	-0.811	-363.6
186.4	-0.958	-363.7
186.432	-0.992	-363.7
186.464	-1.144	-363.7
186.496	-0.983	-363.5
186.528	-1.137	-363.7
186.56	-1.128	-363.6
186.608	-1.182	-363.6
186.64	-1.044	-363.7
186.672	-1.086	-363.6
186.704	-1.113	-363.6
186.736	-1.061	-363.5
186.768	-1.047	-363.5
186.8	-1.171	-363.5
186.832	-1.118	-363.5
186.864	-1.222	-363.3
186.896	-1.119	-363.5
186.928	-1.094	-363.5
186.96	-1.06	-363.5
187.008	-0.972	-363.3
187.04	-0.977	-363.3
187.072	-0.866	-363.3
187.104	-0.892	-363.3
187.136	-0.964	-363.4
187.168	-0.93	-363.3
187.2	-0.88	-363.4
187.232	-0.848	-363.4
187.264	-0.667	-363.2
187.296	-0.65	-363.3
187.328	-0.658	-363.6
187.36	-0.861	-363.5
187.408	-0.786	-363.8
187.44	-0.676	-363.8
187.472	-0.784	-363.7
187.504	-0.801	-363.6
187.536	-0.848	-363.3
187.568	-0.835	-363.4
187.6	-0.831	-363.4
